8;0;14;16;0;11;1;6;1;0;0;1;0;1;2;0;1;2;0;0;0;2;3;0;1;3;0;3;0;3;2;3;3;
3;3;3;12;5;1;14;3;0;17;7;0;0;0;0;0;1;0;0;3;2;3;2;1;1;0;1;0;1;
14;4;1;1;1;1;2;3;3;1;1;2;0;8;17;12;0;1;1;1;
0;0;2;0;8;3;16;1;0;1;2;0;2;0;2;13;0;0;0;0;3;0;
16;1;1;1;1;1;1;7;2;4;1;10;3;14;1;0;0;1;3;1;3;2;3;0;0;1;0;0;3;1;
1;2;2;2;2;2;3;3;16;7;1;1;1;2;2;2;4;15;1;2;12;0;1;2;3;1;3;3;0;3;0;3;
1;1;3;9;1;0;16;1;0;0;0;14;0;0;
1;1;2;2;3;3;3;1;15;4;2;10;1;0;1;0;3;8;0;18;0;0;0;0;0;
15;10;4;0;9;3;3;1;0;0;1;1;3;17;0;0;0;1;0;0;0;0;0;
0;14;3;3;3;3;3;3;3;4;10;0;1;1;1;1;1;1;3;3;0;9;17;0;0;3;0;
11;1;1;1;1;1;1;3;0;4;3;16;14;7;0;3;3;0;3;2;2;2;0;0;3;1;0;0;
16;1;2;2;2;3;3;3;3;1;10;3;0;1;4;0;15;0;3;7;1;3;1;0;1;1;0;2;3;1;0;0;0;3;
2;2;2;3;3;3;0;2;1;0;2;1;
2;2;10;0;5;0;2;1;0;1;1;2;0;1;14;0;0;0;3;16;8;2;0;3;3;0;1;0;3;0;0;0;0;0;
18;1;1;1;1;1;1;1;3;9;0;0;13;1;0;3;2;10;0;6;0;0;0;2;0;0;0;0;0;
16;4;1;0;0;3;7;12;3;15;0;1;1;2;1;2;3;1;0;0;3;1;1;0;1;0;0;0;0;0;3;
1;1;2;2;2;2;2;3;2;2;3;3;3;0;0;0;3;13;
0;0;13;1;1;1;3;3;3;3;3;16;3;6;0;0;11;0;7;0;1;0;2;0;2;1;2;3;0;0;0;3;0;1;
15;16;2;2;2;3;3;3;3;5;11;1;1;1;1;1;3;7;2;0;1;0;0;2;3;1;3;1;0;0;0;0;
1;1;3;3;3;3;3;4;1;1;1;1;2;3;3;3;1;17;0;15;1;9;0;10;0;2;0;0;
12;9;1;1;1;3;3;4;16;13;3;0;3;0;3;0;1;0;1;0;0;3;3;1;1;0;0;0;0;0;3;
1;1;1;1;1;1;1;0;12;0;3;17;0;7;0;0;0;6;0;15;3;3;0;3;2;2;1;0;0;1;0;0;0;1;2;
0;11;1;1;1;1;2;2;4;1;1;1;1;1;2;2;3;9;18;3;0;15;0;0;0;0;0;0;0;2;
11;1;1;1;3;0;6;1;1;1;1;1;3;3;3;1;13;1;0;0;8;17;3;0;0;0;2;1;0;
0;0;16;0;0;15;0;
18;15;8;1;1;1;1;1;0;0;6;10;0;0;1;0;0;2;1;2;2;2;3;2;1;0;0;1;3;0;0;0;0;
1;1;1;1;3;3;10;1;4;3;1;1;0;13;7;3;16;0;0;1;0;0;2;0;2;2;3;3;1;0;0;0;0;1;
18;0;0;1;2;3;3;3;3;3;11;0;6;0;1;0;3;1;15;0;0;0;7;0;
3;3;9;6;1;2;3;3;14;1;10;1;17;0;0;3;1;1;0;1;3;1;0;0;0;0;1;1;
18;0;1;0;11;2;1;5;3;8;15;2;3;0;3;3;3;3;1;0;0;0;0;0;
9;0;13;0;0;12;2;3;
1;1;3;3;3;3;0;1;11;15;5;2;0;7;2;2;16;3;0;0;0;0;1;1;2;2;1;2;1;0;1;0;0;3;3;
14;10;0;3;3;3;3;3;3;3;9;0;0;4;1;17;0;0;1;1;2;0;0;0;1;2;0;2;
1;2;2;2;2;3;4;16;1;1;13;10;1;8;1;3;1;0;2;0;0;0;1;0;3;3;2;2;0;0;0;0;0;
0;0;14;1;3;3;0;8;3;5;0;10;16;3;1;3;0;0;2;0;3;1;0;0;3;0;0;0;0;0;0;3;
2;3;7;16;10;1;1;2;2;3;4;14;1;1;1;1;3;0;0;0;2;3;1;2;0;1;3;1;0;0;0;3;
0;14;0;4;1;2;0;3;1;8;3;0;0;10;18;0;0;0;1;2;
9;1;1;1;1;2;0;17;1;2;0;2;15;3;5;0;10;0;0;0;1;1;3;2;3;1;3;2;0;0;0;3;1;
1;3;3;3;4;9;1;1;1;1;2;3;3;3;11;1;3;3;14;18;0;0;0;2;0;1;
1;1;2;2;2;2;3;3;0;0;5;16;1;1;1;1;1;2;2;2;8;11;15;3;3;1;0;0;0;3;0;
0;2;0;1;10;1;4;8;1;3;3;1;0;0;14;0;18;0;3;1;2;3;2;2;1;3;1;3;1;0;0;0;0;2;
1;1;2;2;3;4;0;0;0;1;17;8;0;0;15;11;3;0;0;2;0;0;0;0;0;
1;2;2;2;3;0;1;1;2;3;10;16;0;8;5;15;1;0;1;1;1;2;0;0;0;0;1;
1;1;1;1;1;1;3;4;1;3;3;2;0;3;14;0;0;2;16;1;7;
0;1;1;2;2;15;18;9;0;1;0;12;6;0;2;2;0;3;3;0;0;0;0;0;1;2;3;
0;0;0;3;0;0;
0;2;0;0;0;0;0;
7;0;3;0;0;10;0;3;
0;3;18;2;5;3;9;0;14;1;3;
8;1;1;1;1;1;1;1;4;0;3;16;3;1;0;0;10;13;1;1;0;0;3;3;0;0;3;0;2;0;0;0;0;1;0;
0;0;10;0;17;15;9;
10;0;7;1;1;1;2;3;3;3;3;1;3;3;3;3;3;4;0;0;3;0;18;14;1;2;0;0;3;0;0;0;2;
14;0;0;0;17;12;1;
0;14;1;1;9;16;0;4;0;0;0;10;3;1;0;1;1;3;0;3;0;0;1;2;0;3;0;2;0;0;2;0;
1;1;1;3;3;3;1;15;0;0;0;0;0;
3;3;4;0;0;16;0;8;
16;7;1;2;14;0;2;3;6;3;3;2;10;3;0;0;2;0;1;3;
0;6;1;1;1;1;3;3;7;15;10;16;3;0;2;3;0;3;0;1;2;1;1;3;3;2;3;0;0;1;0;2;3;3;0;
1;1;2;3;3;3;4;0;17;2;3;9;0;11;0;1;15;0;0;0;0;3;
1;1;3;3;3;4;1;1;1;1;1;1;1;3;1;2;2;2;2;7;13;12;0;0;17;0;2;3;2;3;
8;4;2;2;2;2;2;3;3;3;1;0;0;15;3;10;1;3;3;18;1;1;0;3;0;2;0;3;0;0;0;0;0;
6;1;1;1;2;3;3;1;0;0;0;0;1;0;
1;1;1;1;3;3;3;0;0;2;2;5;
1;1;1;1;2;2;2;0;0;2;0;1;1;2;3;7;2;1;4;1;3;0;2;1;1;1;16;3;0;0;1;0;2;
18;0;4;9;15;1;1;1;2;2;3;3;0;1;3;3;3;3;3;3;3;2;10;3;0;1;3;3;2;2;2;0;0;0;
16;15;1;1;2;2;2;3;3;4;1;2;11;3;7;1;2;2;1;0;2;0;3;1;3;2;1;3;0;0;0;0;
16;9;0;10;6;0;3;14;0;0;0;3;
1;2;2;3;3;4;7;16;0;0;1;0;1;13;1;0;2;2;1;0;0;12;1;3;0;1;2;3;0;0;0;2;2;
1;1;1;3;16;1;1;2;2;3;4;0;0;1;8;13;0;3;0;0;10;2;1;0;3;1;0;0;0;0;1;0;2;1;
18;2;2;2;3;3;3;3;13;0;7;3;3;2;0;12;5;0;1;0;3;3;1;3;3;2;0;0;0;0;
17;0;1;1;1;1;2;0;1;1;2;2;2;3;0;2;2;3;3;3;3;4;0;0;0;0;
1;1;1;1;3;3;3;3;1;2;2;3;3;3;3;1;15;0;0;0;18;6;12;9;
3;3;3;3;3;3;10;15;9;17;1;0;0;6;0;0;3;3;0;3;2;1;1;3;3;0;0;3;0;
8;10;0;0;1;2;0;1;18;4;0;0;2;15;2;0;0;3;1;1;1;1;3;0;0;2;2;0;
0;1;3;2;0;14;0;0;1;8;
0;18;15;0;0;6;12;0;
0;11;3;3;3;7;0;0;0;0;2;6;15;2;16;1;2;0;0;0;0;0;3;
17;12;9;2;15;1;1;0;1;0;5;3;2;0;3;1;1;
15;1;1;1;1;1;1;2;2;0;17;0;10;4;2;2;3;3;3;3;3;3;7;0;0;0;1;0;1;2;0;0;0;1;0;
13;3;0;18;1;0;0;0;4;0;
3;3;3;0;10;4;0;0;0;0;
0;0;0;4;1;1;1;2;3;3;3;3;1;3;0;3;10;0;17;0;0;3;3;0;7;15;1;1;1;1;3;0;0;0;1;
9;2;2;2;2;2;2;3;3;0;1;3;3;12;17;0;0;3;2;5;2;0;1;14;0;2;0;0;0;0;0;0;
1;1;3;0;13;10;6;3;16;9;3;0;1;0;2;3;3;1;2;1;0;3;2;0;0;0;0;2;2;1;3;
1;1;1;1;1;1;3;3;0;14;8;3;2;11;2;0;5;18;1;0;0;0;0;0;1;0;2;0;
0;3;10;0;0;17;1;1;
7;17;13;1;2;2;3;3;3;3;4;11;1;1;0;1;0;1;0;0;3;0;0;0;0;1;1;0;0;0;0;0;
0;1;1;1;1;3;4;16;14;1;11;3;0;0;0;3;0;9;3;3;3;0;3;1;3;0;1;0;1;0;0;1;0;
7;1;1;1;1;1;1;1;0;0;10;13;0;2;0;18;4;3;2;0;0;1;1;1;0;0;0;0;2;0;0;
7;0;2;3;3;3;3;4;0;0;16;0;12;1;2;14;3;2;3;1;0;0;2;2;0;0;3;0;0;0;
1;1;2;2;2;2;3;13;1;1;1;2;2;2;10;0;4;8;1;17;1;1;1;2;0;1;3;3;0;0;0;2;0;
17;13;3;0;0;2;3;0;11;2;1;0;0;3;0;1;4;8;2;2;1;0;2;2;3;0;3;2;0;0;3;
7;0;1;1;2;2;3;3;1;0;4;13;0;0;0;0;18;0;3;
2;4;1;1;1;1;3;3;0;10;7;2;17;3;14;3;3;0;2;0;0;3;0;1;0;1;0;0;3;0;3;
4;1;0;1;0;3;0;15;3;2;2;0;3;0;2;7;17;3;0;0;0;0;0;3;
2;2;2;2;2;3;4;15;0;1;2;2;3;3;3;3;10;1;1;2;1;2;0;0;16;0;
11;13;1;2;2;2;2;3;1;16;1;0;1;7;0;0;4;0;0;2;0;0;3;1;2;2;3;0;2;0;
11;8;0;0;1;2;2;2;2;2;2;4;1;1;1;1;1;3;3;3;15;2;0;16;0;0;3;0;0;0;0;0;
1;1;1;2;2;3;3;12;2;0;0;1;4;0;
0;18;1;1;3;3;7;0;6;1;1;1;1;1;1;10;13;0;0;3;0;3;3;3;0;0;0;0;0;1;2;3;
0;0;10;16;6;13;1;1;3;3;3;3;3;1;0;8;1;0;0;1;3;0;0;0;0;0;
1;1;1;1;1;4;7;16;0;0;12;1;1;2;2;2;15;0;3;2;1;1;3;0;0;0;0;0;3;0;
6;13;3;11;16;1;0;9;1;2;2;0;1;2;1;0;0;0;3;0;2;0;1;
17;8;1;15;4;11;2;1;1;1;2;0;1;3;0;1;0;0;0;1;1;
17;12;0;0;0;0;6;7;
11;1;1;2;2;2;2;3;3;8;6;1;1;1;1;1;1;3;3;0;0;0;13;2;16;0;2;3;3;0;0;2;
13;7;1;0;5;11;0;1;18;0;1;0;0;
1;4;15;0;16;8;1;3;2;1;0;3;11;0;0;2;3;0;0;0;1;3;2;1;3;0;3;3;3;0;0;0;2;0;0;
1;1;1;1;1;1;3;3;18;13;1;1;2;2;3;0;9;0;0;1;3;0;5;12;3;1;0;1;0;0;0;0;1;0;
11;0;0;0;0;2;3;
1;2;0;0;17;0;2;2;3;5;1;9;1;2;0;3;0;12;0;0;14;
1;1;1;1;1;1;2;0;1;1;3;3;3;3;14;0;0;0;0;1;0;
0;3;5;0;1;0;0;16;1;
0;8;0;0;0;12;18;
16;1;6;3;3;11;0;0;2;3;1;0;7;14;0;0;0;1;1;1;0;0;0;3;1;0;0;0;2;0;
13;1;1;1;2;2;2;3;0;0;1;1;2;2;3;3;4;10;1;1;0;0;0;17;1;8;0;3;0;0;2;0;
0;0;9;0;0;6;0;
1;2;3;3;3;3;3;8;0;1;16;4;2;0;0;11;15;1;1;0;2;0;0;1;2;2;0;0;0;0;3;
4;17;1;1;1;2;3;3;3;0;0;3;2;8;10;0;14;1;0;
16;1;15;11;2;2;3;3;3;3;4;3;1;0;1;0;3;9;2;2;0;0;0;3;2;3;1;0;0;0;0;
0;1;1;1;1;1;1;1;1;0;0;13;7;3;2;0;0;3;3;0;2;1;4;0;0;18;11;0;0;0;0;0;1;0;
2;18;0;1;1;1;1;1;3;3;0;0;1;0;1;0;3;0;10;4;3;1;8;13;2;0;0;0;0;0;2;1;
4;1;1;3;3;3;3;3;3;1;2;2;2;3;3;3;0;10;1;7;1;3;14;3;18;2;2;0;0;3;
0;16;6;0;0;14;0;9;11;0;0;0;0;0;3;2;0;0;3;1;0;2;0;1;1;0;0;0;0;0;
11;17;2;14;0;2;5;1;1;0;0;7;0;0;1;0;0;2;0;0;3;1;3;2;0;3;1;0;0;3;0;0;0;
17;0;3;4;11;1;0;0;15;7;1;1;0;0;0;3;2;3;2;3;0;2;0;1;1;2;2;0;0;0;
0;0;1;1;1;2;2;3;3;0;4;1;1;2;3;3;3;3;3;0;1;14;11;0;9;0;0;0;1;0;16;
0;0;17;2;3;0;0;0;0;3;0;0;3;3;4;13;0;0;1;7;3;0;0;1;12;3;0;0;1;0;0;0;0;1;
12;4;14;1;1;1;3;3;3;0;18;7;3;3;0;0;3;0;3;3;0;1;3;0;2;2;2;0;0;0;0;0;0;
2;2;2;2;2;3;3;6;0;0;13;1;12;8;1;16;0;0;1;0;0;1;2;1;3;3;1;0;1;0;3;0;0;1;0;
1;1;1;1;1;2;3;3;11;18;13;1;9;2;3;6;3;3;0;0;0;0;2;0;0;0;1;2;0;
0;0;1;1;1;1;3;3;0;0;0;2;3;3;3;5;1;0;0;0;14;0;2;0;
16;3;3;3;3;3;3;4;2;2;2;2;2;2;3;3;0;1;1;1;1;1;2;2;2;1;10;1;2;1;8;1;13;0;0;
9;11;1;1;1;1;1;2;2;4;1;1;2;3;3;3;3;0;2;3;3;0;0;1;18;1;
0;1;16;5;14;1;2;1;2;9;11;0;0;0;1;1;3;0;
2;2;2;3;3;4;0;15;16;0;1;11;0;0;0;0;7;1;2;0;1;1;1;1;1;0;0;2;1;0;0;3;
12;1;1;1;1;1;4;15;1;2;2;3;3;9;1;1;1;2;2;2;3;3;1;0;0;0;3;2;
0;2;2;2;2;2;2;2;9;4;13;1;1;1;1;1;3;3;3;3;10;2;3;0;0;0;3;1;0;1;0;0;
7;1;1;1;1;2;3;1;3;17;1;1;13;0;0;1;2;11;0;0;6;0;0;0;0;0;1;0;2;
1;1;1;1;1;3;18;15;0;7;4;0;3;3;10;0;0;2;2;1;0;2;0;2;0;1;0;1;2;0;0;0;0;1;
0;16;0;0;2;4;12;
18;9;10;1;1;1;1;1;1;1;1;3;2;3;1;0;0;0;5;13;0;0;
6;0;3;0;3;11;15;2;0;9;0;18;0;1;1;0;1;3;0;1;3;1;1;0;0;0;0;0;0;1;
17;2;2;3;3;3;3;3;3;2;2;1;1;15;0;1;3;2;3;9;3;2;12;3;2;0;1;6;0;0;0;3;
15;10;3;0;1;9;0;17;5;1;0;1;0;0;
18;9;11;1;1;1;2;2;2;2;2;3;3;2;0;0;1;4;13;2;1;3;3;0;0;2;2;2;0;0;0;1;0;0;2;
0;0;0;3;15;0;12;3;2;0;6;1;0;0;1;3;0;0;18;8;0;1;2;0;1;3;1;0;0;0;2;
0;0;0;0;0;14;
1;1;1;2;3;4;18;3;0;7;1;10;13;1;3;2;3;1;2;0;1;0;1;0;0;0;1;2;0;0;0;0;1;
14;1;2;2;2;2;3;3;4;10;1;1;1;3;3;3;3;3;7;1;0;17;0;0;0;0;1;
6;0;2;1;7;1;17;0;0;1;0;14;
16;15;1;1;1;1;1;4;9;0;3;12;0;1;2;3;1;2;1;0;0;0;3;1;2;1;0;0;0;3;0;0;0;0;
1;1;1;1;1;1;1;3;10;6;2;0;14;0;0;3;0;1;8;16;1;1;1;3;0;0;0;1;3;
0;0;0;0;0;11;
0;12;1;2;2;2;3;3;3;3;7;0;2;2;1;0;17;2;13;1;5;0;1;0;0;0;0;0;
3;3;3;3;3;17;1;14;0;5;3;0;1;12;2;1;3;1;0;0;0;0;8;2;
0;0;3;2;11;3;15;8;3;2;16;0;6;3;1;0;1;3;0;0;0;1;0;0;3;0;0;0;0;3;
0;10;0;0;1;2;0;7;0;0;3;4;14;3;17;3;0;0;0;1;3;3;0;1;0;2;3;0;0;0;0;0;0;
0;15;6;0;16;2;0;2;0;3;
0;3;0;0;2;15;3;
18;7;3;3;3;3;3;3;3;13;0;1;1;1;2;3;4;12;1;1;2;0;1;0;3;0;0;1;1;0;0;0;1;2;3;
0;18;0;4;0;1;3;9;0;3;0;3;0;14;11;3;0;2;1;0;1;3;0;0;1;1;2;0;0;0;1;0;0;
3;3;3;3;3;3;5;8;18;0;2;0;0;14;2;2;0;0;3;0;11;
18;1;2;3;3;3;3;3;3;0;1;2;0;0;11;2;6;0;2;7;0;1;0;3;1;13;0;2;2;2;0;0;1;1;
10;0;15;2;0;0;0;4;1;16;0;9;1;3;3;1;3;3;0;0;0;1;1;3;1;2;2;0;1;0;0;0;0;1;0;
13;10;0;8;1;1;1;2;2;3;3;3;0;18;2;4;0;1;1;1;1;3;0;1;0;3;1;1;3;3;0;0;0;0;0;
15;1;1;1;1;1;2;2;4;1;1;1;2;3;7;1;2;2;3;3;10;2;0;1;18;3;3;2;0;1;0;0;0;
7;1;1;2;2;2;2;2;3;0;0;17;1;1;12;3;15;0;0;3;1;4;3;3;3;0;3;1;0;0;0;0;0;3;
0;2;17;1;0;4;2;0;0;1;10;
0;3;3;1;0;14;0;2;
5;0;0;1;0;13;0;3;
0;0;2;0;13;16;1;4;2;0;9;0;3;0;11;3;0;2;1;2;2;0;1;1;0;1;0;0;3;0;3;
1;1;1;1;1;1;1;0;1;4;3;11;7;14;2;3;18;0;2;0;0;3;0;0;
15;1;1;2;2;3;0;0;7;0;3;10;0;0;0;18;4;3;1;0;1;1;1;0;2;0;0;0;0;0;0;0;
15;1;2;2;2;3;3;3;3;1;1;1;1;1;2;3;3;3;0;1;10;3;0;2;0;2;2;1;
2;14;1;1;1;1;1;3;3;7;2;17;3;6;1;11;2;3;0;0;0;0;0;0;
0;1;0;0;10;2;0;0;16;1;13;9;2;0;4;3;3;0;0;0;2;3;0;0;3;0;0;2;0;
0;11;1;1;1;2;2;2;2;3;0;7;0;17;4;3;14;1;0;0;0;3;1;0;3;0;1;1;1;0;2;2;0;0;0;
10;4;0;0;0;0;0;0;
0;10;0;0;15;6;1;1;1;1;3;0;1;9;3;18;2;1;2;1;0;2;2;2;3;0;1;0;0;3;0;0;2;0;0;
0;1;11;3;3;1;4;14;16;0;2;2;2;8;1;0;0;2;3;3;0;0;0;3;
0;1;2;3;0;13;0;2;4;8;10;2;17;0;3;3;2;3;0;0;3;3;1;2;1;2;0;0;0;0;
0;0;0;0;14;1;1;1;1;3;3;3;3;2;8;0;18;1;4;12;0;1;1;0;2;0;0;3;0;1;0;0;3;0;2;
16;0;3;3;0;0;0;1;3;3;0;0;3;1;0;9;3;1;4;3;0;3;14;1;0;1;0;2;12;0;
18;0;0;0;4;2;3;3;3;3;3;3;3;3;12;14;9;1;0;0;1;0;0;3;1;3;3;3;0;1;0;0;1;0;1;
0;14;7;10;2;2;0;0;2;18;3;
1;1;1;1;2;3;3;3;0;0;11;17;2;3;15;0;9;6;3;1;3;3;1;3;0;0;0;0;3;
8;0;1;2;3;3;3;4;1;1;2;2;2;2;10;17;1;1;2;1;0;14;0;3;0;0;2;0;0;0;0;
1;1;1;2;3;0;0;9;10;1;1;1;1;2;2;2;3;0;0;1;13;18;4;0;0;0;1;3;3;1;0;0;3;0;3;
0;3;3;3;3;3;3;3;15;1;1;3;3;3;3;3;3;4;2;18;2;1;12;0;3;2;7;0;0;0;0;0;0;
0;14;3;0;1;0;4;17;12;7;0;3;2;2;2;2;2;2;0;2;0;0;1;0;0;0;3;2;
1;16;1;1;1;1;1;1;1;1;0;5;0;0;0;3;1;1;0;10;0;0;3;0;0;3;1;1;0;0;0;2;0;2;
0;3;10;14;5;7;0;3;2;3;0;3;17;0;3;0;1;0;1;2;0;0;3;0;2;0;0;0;1;0;0;0;3;3;0;
0;4;0;0;0;9;0;
0;3;3;3;3;3;18;12;0;3;7;15;0;0;6;0;2;
0;12;1;2;2;2;3;3;0;2;2;2;2;2;3;3;3;18;1;3;0;0;0;
14;2;1;16;1;0;2;0;0;0;3;2;0;
6;7;17;15;1;2;10;1;1;0;0;1;2;0;0;1;0;2;3;3;0;1;0;0;0;0;0;3;
12;0;1;1;1;1;3;3;13;0;6;17;7;3;0;0;0;3;0;1;1;0;0;0;1;3;2;1;3;0;0;3;0;0;
0;1;1;0;4;2;2;3;3;3;3;9;1;0;13;0;2;17;12;2;1;2;2;1;0;1;0;0;0;0;0;
0;3;0;10;1;1;0;0;3;13;0;0;0;0;1;3;18;0;3;0;1;1;0;8;0;0;3;2;3;
0;0;0;9;2;0;
15;1;1;1;3;3;3;17;10;1;0;0;0;3;2;4;0;0;0;9;3;0;1;1;1;0;0;3;0;0;3;0;0;2;
0;0;0;6;16;0;
0;3;3;3;3;3;0;0;0;5;0;1;
18;0;1;1;13;11;2;5;0;7;1;0;2;1;1;1;0;3;0;2;1;0;0;0;0;1;0;0;3;0;0;0;1;0;2;
1;0;3;3;3;3;0;0;0;0;2;0;
0;17;5;9;12;2;0;1;14;1;2;1;3;1;0;0;0;0;0;3;1;0;1;0;3;3;0;1;1;0;0;0;0;
10;7;1;1;1;1;3;3;3;0;16;1;1;1;1;2;3;3;3;1;1;1;2;2;2;3;3;1;0;0;15;
13;10;5;1;1;3;3;3;3;3;3;1;1;2;2;2;2;3;7;1;1;2;3;3;3;3;3;0;2;16;1;1;0;0;2;
13;1;1;1;1;2;2;3;3;0;0;2;0;7;0;2;
0;1;1;3;0;0;1;2;3;3;3;0;9;0;0;2;1;12;4;13;16;2;1;3;2;0;2;1;0;0;0;0;
10;9;0;0;1;0;3;0;4;1;15;0;17;2;2;1;1;1;0;1;0;2;0;0;0;0;2;
0;0;1;0;17;5;3;
12;0;1;1;1;2;3;3;0;1;1;1;1;3;3;3;3;3;0;2;0;4;13;1;0;0;3;0;7;1;
9;1;1;1;1;0;0;14;0;10;0;3;1;2;1;1;0;3;6;0;16;0;1;0;0;0;0;0;2;2;
4;14;0;0;0;0;0;0;
1;1;1;1;1;1;3;4;0;1;3;0;0;3;1;12;0;0;13;7;18;3;0;0;2;3;2;0;0;1;0;0;0;0;0;
1;1;3;3;3;3;3;3;1;1;11;0;17;1;13;9;1;3;2;5;0;0;3;1;3;2;2;2;1;3;0;0;0;
1;11;1;1;1;1;3;6;16;15;8;3;3;2;0;3;0;0;1;3;0;0;0;0;1;0;0;
0;0;0;0;2;15;
14;0;3;7;10;2;1;6;2;16;3;0;3;2;2;3;1;3;0;0;0;3;
7;0;0;0;13;18;1;2;2;3;3;3;3;3;0;4;1;0;0;1;12;0;0;2;3;0;0;3;2;1;0;0;0;0;0;
3;4;10;14;1;1;1;1;2;3;3;8;0;3;2;16;1;2;0;0;1;0;0;0;0;0;0;3;1;
12;7;2;2;2;3;3;3;3;3;1;6;14;17;0;1;3;1;3;3;0;0;1;2;0;0;1;2;
1;2;2;2;3;0;2;1;0;2;8;0;16;10;0;6;14;0;3;0;3;0;3;0;1;0;0;0;0;0;1;
9;3;3;3;3;3;3;0;0;0;0;2;13;2;1;0;5;0;10;0;0;16;1;1;2;2;3;0;1;1;0;0;0;0;0;
2;2;3;3;3;3;3;15;0;1;1;1;1;2;4;11;8;17;1;0;0;3;2;0;3;2;3;0;0;0;2;
11;1;3;13;17;6;9;1;0;0;3;1;0;0;1;3;3;0;2;2;3;0;2;3;0;1;0;0;0;0;3;
1;1;1;3;3;3;3;0;0;0;9;0;
9;0;1;2;2;3;13;1;3;0;18;1;5;1;1;10;0;1;1;3;3;2;0;3;0;0;1;1;0;0;0;0;0;0;
1;1;1;3;3;4;0;0;11;0;0;0;0;0;0;3;
7;0;0;0;3;2;11;
2;2;2;2;2;15;1;1;1;1;2;2;10;1;1;1;1;2;2;2;3;7;0;3;4;18;0;3;0;0;0;
11;0;13;17;1;1;1;1;1;1;2;3;0;9;2;5;0;2;3;0;2;0;0;0;0;0;3;
0;0;0;8;0;1;1;3;3;3;3;3;5;0;11;13;16;0;2;1;2;3;2;0;0;0;1;2;0;
1;1;2;3;3;1;0;0;5;0;0;
1;3;3;3;3;3;3;0;2;0;1;0;9;
2;3;3;3;3;3;3;4;0;10;1;1;1;1;1;1;2;1;0;2;17;0;3;15;9;2;2;1;0;1;0;0;0;
13;1;2;2;4;2;18;3;2;7;11;0;3;1;1;0;0;3;2;3;0;1;0;0;2;0;0;0;0;1;0;0;3;
12;0;18;0;14;6;0;2;9;3;0;3;1;0;0;0;0;
1;2;2;2;2;0;0;4;14;16;11;0;1;8;3;2;3;0;1;0;0;3;0;0;0;0;1;0;0;0;0;
1;1;2;2;3;3;3;3;0;3;0;8;3;0;1;0;10;0;0;
0;3;1;0;3;10;0;0;0;18;1;14;0;6;7;0;1;1;3;0;2;3;1;0;0;0;1;2;0;0;1;0;3;
0;0;1;2;3;3;4;0;1;1;3;3;15;1;3;8;10;0;1;2;17;2;1;3;0;0;0;3;0;0;
1;1;1;3;3;3;3;3;2;2;3;3;3;13;18;0;0;2;0;5;0;10;0;9;2;1;2;3;0;0;0;3;
18;14;1;1;1;1;2;2;2;2;8;2;0;2;5;11;3;2;3;2;2;0;0;2;2;1;0;0;0;0;0;
5;1;1;1;1;3;3;15;2;1;7;0;0;3;3;1;10;0;0;1;2;18;2;3;2;3;0;0;0;3;1;
0;0;8;0;0;0;3;
2;2;3;3;3;0;1;0;0;0;2;16;3;10;1;2;9;3;1;1;0;4;2;15;1;1;1;0;2;1;0;0;0;3;0;
1;3;3;4;7;1;1;1;1;1;2;2;3;0;1;2;16;0;0;3;0;13;11;3;
15;0;0;1;1;3;3;3;4;8;1;1;1;3;3;3;10;0;2;0;1;2;17;1;0;1;0;0;0;0;0;3;
8;1;0;2;17;0;0;15;2;1;0;5;0;12;2;2;2;0;0;0;1;3;0;0;3;2;3;1;0;0;3;3;0;3;1;
4;1;1;1;1;1;1;0;0;0;2;3;2;3;7;14;2;0;0;0;0;12;
0;0;3;0;0;6;3;
15;3;1;1;3;9;1;0;2;16;3;1;1;0;0;2;6;0;11;1;3;1;1;1;1;0;1;2;2;1;1;0;0;0;3;
0;1;2;2;12;1;2;3;4;2;2;2;3;3;18;8;1;14;1;1;2;1;2;3;0;0;0;0;
1;1;1;1;1;2;3;7;1;2;2;2;2;2;3;0;0;0;2;3;2;
5;0;9;0;1;1;1;2;3;3;0;0;0;0;2;
3;3;3;3;3;3;4;0;14;0;3;1;8;10;18;2;1;2;0;0;0;0;1;0;0;0;2;0;1;
5;0;13;0;11;8;0;18;2;3;3;2;0;0;1;0;3;2;1;0;1;2;0;0;2;3;0;0;0;0;2;
1;1;1;2;2;2;3;3;12;16;0;1;8;13;3;6;1;2;3;1;0;2;3;0;2;0;0;3;0;3;3;0;0;1;0;
0;0;0;14;4;2;
0;1;0;13;0;2;1;2;4;1;2;10;17;3;9;0;3;0;0;1;1;0;
8;18;1;1;2;2;2;2;3;4;1;1;1;1;0;3;10;1;15;1;0;1;3;0;2;2;3;3;0;0;3;3;0;0;3;
0;0;0;11;3;9;
13;0;1;1;12;16;7;6;0;0;3;1;0;3;3;0;3;1;2;0;1;3;1;0;0;2;0;3;0;0;3;0;
18;5;1;1;1;1;1;2;3;7;13;2;2;2;2;2;3;3;3;1;1;1;2;2;2;2;3;12;0;0;1;3;0;
0;0;4;2;1;1;1;14;0;0;1;0;0;0;18;0;0;0;0;7;
2;3;3;3;0;18;0;1;3;1;0;0;0;0;0;3;3;
1;1;1;2;7;0;0;0;0;0;1;0;
18;1;1;3;3;4;11;0;0;7;0;0;1;13;3;1;0;0;0;3;0;2;0;1;0;0;3;0;3;3;
1;1;1;1;1;1;2;2;5;10;0;9;0;15;16;3;3;0;1;1;3;0;0;0;1;3;0;
16;0;1;1;3;3;0;1;1;1;1;1;4;3;3;0;9;10;0;15;0;3;0;0;0;0;0;1;3;0;0;0;0;0;
18;7;6;0;0;0;3;1;1;12;0;14;0;0;3;0;0;0;1;3;2;1;1;1;0;3;2;0;0;0;0;1;0;0;1;
0;2;0;11;2;3;2;0;18;9;14;
0;4;0;0;0;0;1;
18;0;1;1;2;2;2;3;3;3;1;2;3;7;1;1;1;2;2;2;2;2;0;0;0;0;0;0;0;1;2;10;1;0;0;
1;2;4;12;7;1;0;1;14;3;0;16;0;0;3;3;3;0;3;0;0;0;0;3;0;
18;4;12;1;1;1;2;2;2;3;3;7;1;1;1;2;2;3;3;14;1;1;1;1;1;1;1;1;1;3;0;0;2;0;
16;1;1;1;2;3;8;3;2;3;4;10;1;0;0;0;15;1;1;0;0;0;2;1;3;0;0;0;0;0;2;
0;16;1;15;6;12;9;1;0;3;0;3;2;0;2;1;3;0;1;2;1;0;1;3;3;2;3;0;3;2;0;0;0;0;
0;13;3;0;2;0;0;1;0;16;11;3;5;7;2;0;0;1;1;0;0;0;1;2;1;0;2;0;0;0;0;2;0;0;
0;0;15;0;11;18;2;
1;1;1;1;3;2;3;13;0;12;0;1;2;0;0;0;3;0;1;9;4;1;16;0;3;0;0;0;
0;3;0;0;0;9;2;
1;1;1;1;2;3;4;3;3;3;3;3;2;0;16;3;7;1;14;0;11;0;0;1;0;0;
9;1;1;1;1;1;1;3;3;0;0;1;0;3;4;0;11;15;0;0;0;18;0;0;1;2;3;0;0;0;0;0;0;0;
1;1;1;1;2;2;3;1;2;3;3;13;2;16;1;10;8;6;0;3;0;1;0;0;0;0;
1;1;1;2;15;10;0;4;0;17;9;0;0;3;1;3;0;0;3;3;1;0;1;3;0;3;0;0;3;0;0;0;0;0;0;
0;0;0;6;8;2;
15;3;3;3;3;3;3;3;3;3;0;1;1;3;3;0;0;0;8;
6;13;16;1;1;1;3;3;3;3;7;1;1;1;1;2;2;1;10;2;2;1;3;0;1;1;0;0;3;1;
3;4;10;8;3;2;0;2;18;3;3;13;1;0;3;0;3;0;1;1;2;3;1;2;1;1;0;0;0;0;
13;3;10;8;2;3;0;4;0;0;3;0;3;18;0;0;2;1;0;2;0;0;0;0;0;0;3;0;1;0;0;0;0;1;0;
13;2;3;3;3;3;18;2;11;0;0;2;3;7;1;0;6;0;3;1;1;0;0;0;0;2;
1;1;1;3;4;8;12;0;2;2;2;2;2;3;3;3;13;0;17;1;0;1;1;1;3;1;0;1;1;1;0;0;2;3;
14;6;1;1;1;1;1;1;1;1;12;3;3;3;3;3;3;3;3;18;0;8;0;0;3;2;
11;13;1;0;18;5;0;8;3;1;1;2;3;0;3;0;2;0;0;0;0;3;1;3;3;1;0;0;3;0;0;0;1;0;
1;1;1;2;3;12;0;14;6;0;9;0;18;3;1;2;0;0;0;0;0;3;3;
5;0;13;0;1;3;3;3;7;18;0;12;1;0;3;1;2;0;1;3;1;0;1;0;2;2;1;0;0;1;0;0;2;1;0;
1;2;2;3;3;4;0;2;1;2;0;15;0;0;3;16;1;9;3;12;0;2;1;0;0;2;0;0;0;0;0;2;
7;0;0;0;0;2;0;
0;0;0;3;2;1;
1;1;1;2;3;3;3;0;0;16;1;6;10;9;2;0;0;14;3;2;1;3;3;0;2;0;0;0;1;1;1;0;
0;1;1;1;1;1;1;3;3;0;3;2;11;18;14;6;8;0;2;3;3;0;0;0;3;0;0;
0;9;0;2;1;0;2;10;2;0;18;1;6;15;1;0;1;0;0;0;3;0;3;0;0;3;0;1;3;2;0;0;0;
0;17;3;8;11;6;14;0;2;3;3;3;0;0;0;0;0;1;
2;0;15;5;18;0;10;0;8;0;0;
18;1;1;1;1;1;2;2;4;3;0;8;15;0;3;1;3;10;0;1;3;0;0;3;2;0;1;0;2;3;0;0;0;0;
0;11;1;1;1;2;3;3;3;3;1;2;2;2;3;4;1;1;1;2;2;2;2;3;3;3;14;18;8;0;3;0;0;0;0;
0;4;9;0;1;13;2;0;1;0;17;1;12;0;3;3;0;1;1;2;3;0;1;1;2;1;2;3;3;0;0;0;0;
0;12;0;0;6;2;0;0;7;3;0;13;1;0;18;3;2;0;3;0;0;3;0;2;0;0;3;1;
1;1;2;3;3;3;3;4;15;1;18;0;9;11;0;0;0;0;0;3;
2;0;9;0;6;17;13;1;1;12;1;0;3;3;1;3;0;0;2;0;3;3;3;1;0;0;0;2;2;
11;0;0;0;1;1;1;1;1;3;3;3;0;3;7;16;1;3;0;3;1;1;0;13;0;4;0;2;1;2;2;0;0;1;1;
8;5;1;1;1;1;1;1;3;3;12;3;2;1;0;15;17;3;0;3;0;2;0;0;0;0;0;
1;1;1;2;3;3;3;4;13;7;17;2;2;2;3;3;10;2;0;2;0;3;1;2;1;3;3;1;0;0;0;0;
15;1;1;1;2;2;2;2;3;0;1;1;2;2;2;3;4;1;1;1;1;1;1;2;3;0;2;9;0;0;0;0;0;
7;1;0;0;18;3;12;2;6;15;2;0;2;0;2;0;1;0;0;0;2;2;0;1;3;2;0;0;0;1;0;0;
1;1;2;2;4;0;0;3;0;10;13;0;2;0;16;9;3;0;0;1;0;2;0;0;1;3;3;1;0;0;0;0;0;1;0;
1;1;1;1;1;4;1;1;1;1;1;1;2;2;0;7;13;3;16;3;1;10;0;1;0;2;0;0;0;0;2;2;
1;1;1;3;3;1;3;3;14;0;18;8;0;3;2;3;0;5;2;1;2;2;0;1;10;2;0;2;0;0;0;0;0;0;
15;8;1;1;1;1;1;3;3;3;18;0;1;0;0;1;1;3;6;1;10;0;2;0;0;2;0;2;0;0;
16;15;1;1;1;1;1;1;1;1;0;0;4;1;2;2;2;3;10;0;7;1;0;0;2;3;3;3;2;0;0;0;2;3;
13;9;1;2;2;2;2;2;3;3;18;5;0;0;0;0;0;0;11;1;1;1;1;2;1;0;0;0;0;0;2;
12;8;13;0;1;3;0;3;0;2;18;0;0;3;0;6;3;0;0;0;2;0;3;
7;16;1;1;2;2;2;3;10;13;4;1;1;1;1;1;1;1;2;2;2;3;3;3;3;3;3;2;0;0;3;2;
0;4;0;16;15;12;3;0;9;1;3;
17;6;15;0;1;1;1;1;1;2;9;12;0;2;0;0;3;3;3;3;2;1;3;0;0;0;0;3;1;0;
5;0;2;9;0;0;2;0;3;
14;0;1;3;3;3;3;3;3;0;2;0;2;
18;0;1;1;2;2;2;2;3;12;1;0;0;7;4;3;3;1;2;0;15;0;1;3;0;0;0;0;0;2;
2;2;2;2;3;3;4;0;15;16;7;2;2;3;3;3;3;3;0;2;11;0;0;0;3;1;2;3;1;0;0;0;1;
10;7;0;1;1;2;2;2;16;1;1;1;1;5;2;2;2;2;2;2;3;14;0;1;2;3;2;0;0;1;0;0;0;3;1;
18;15;1;3;3;3;3;3;4;11;0;1;3;9;0;0;2;0;0;
1;1;1;3;3;4;0;1;1;1;2;2;12;0;0;18;0;7;3;2;0;0;0;15;1;3;2;1;2;0;0;0;2;
0;17;11;0;0;1;0;7;
11;0;0;1;1;1;2;2;0;17;0;2;0;3;0;15;5;0;3;1;0;1;3;0;3;9;3;0;0;0;0;2;
4;2;2;3;0;10;0;2;0;2;2;3;0;0;1;0;2;7;3;0;0;2;0;15;1;16;0;2;2;0;2;1;2;0;1;
18;1;1;1;1;1;2;3;0;5;13;12;3;0;0;1;0;
0;0;5;0;7;0;11;1;1;1;0;0;3;1;2;0;18;0;3;14;0;3;0;3;3;0;0;0;0;0;0;0;
15;12;5;7;0;18;1;0;3;0;0;2;2;
17;0;12;0;0;0;0;2;
5;0;1;0;0;2;1;0;
1;3;3;3;3;3;4;14;0;1;0;9;
11;5;8;16;2;0;0;15;0;3;0;3;0;0;2;3;0;1;2;3;0;1;0;0;0;0;
1;1;1;2;2;2;2;0;9;10;0;15;6;17;3;0;0;3;0;3;3;3;0;2;0;0;0;0;
17;8;4;0;1;1;1;2;2;2;2;3;3;3;3;3;3;3;3;11;3;0;0;14;3;0;3;1;0;0;1;0;
0;1;1;1;1;2;2;2;2;0;0;2;3;17;1;12;0;0;6;13;9;1;3;1;1;0;0;0;0;1;0;2;
18;5;13;12;1;8;1;1;0;0;1;0;1;0;0;3;0;1;
11;0;2;5;2;0;1;3;8;15;2;0;1;17;0;0;2;0;2;3;0;2;1;0;0;0;0;0;
0;0;0;0;1;5;
1;4;0;1;1;1;1;1;2;3;16;8;12;1;1;13;3;1;0;1;0;0;0;0;0;2;0;0;
14;0;4;17;7;1;1;1;1;1;1;2;3;2;2;2;1;3;2;10;2;3;0;0;0;3;0;0;3;0;
18;4;11;1;2;2;2;3;3;3;3;0;1;1;3;3;3;8;15;1;0;2;0;1;1;2;2;0;0;0;1;
15;1;2;3;0;0;0;1;1;1;3;4;1;1;3;3;0;3;0;11;3;17;1;3;2;3;0;0;0;0;0;
6;1;1;3;3;3;3;3;3;1;3;7;15;0;2;3;0;16;12;0;0;2;0;1;
1;1;1;1;1;2;2;3;5;7;1;1;0;3;0;12;18;13;0;0;3;0;3;3;3;2;0;0;3;0;0;0;3;0;
4;0;0;0;0;8;0;
0;7;0;0;0;4;16;
13;0;17;0;2;0;3;1;0;
1;1;1;2;17;0;9;3;1;6;1;0;2;0;13;0;1;12;0;3;2;2;0;0;0;0;0;
0;17;0;3;15;2;7;10;3;0;4;0;3;0;1;1;3;1;1;1;2;0;3;0;0;0;1;0;0;1;0;2;0;
8;1;0;0;3;0;6;16;0;13;12;1;2;0;3;0;0;0;3;0;0;2;2;2;2;1;0;0;0;3;0;0;0;0;
0;0;14;10;0;3;3;0;1;0;9;0;3;0;4;18;2;3;0;3;0;3;0;1;0;2;1;0;3;0;3;0;0;
7;1;2;2;2;2;2;0;1;1;0;0;0;0;0;1;
1;1;1;1;2;3;10;0;6;9;1;0;0;3;0;16;3;0;13;1;2;0;0;0;0;
14;18;0;0;8;0;0;0;4;1;2;12;1;0;0;1;0;0;2;0;0;3;1;0;2;3;0;0;0;3;0;
2;2;2;3;3;1;2;3;1;4;0;1;7;0;0;1;0;11;0;0;0;
2;2;2;2;3;3;3;4;0;1;1;1;1;2;0;0;1;3;3;3;7;17;0;3;0;10;14;1;0;0;0;2;3;
11;0;0;0;0;2;6;
17;1;1;1;1;1;1;3;5;0;0;10;1;1;2;2;7;0;1;1;0;0;13;0;1;3;0;0;0;0;0;0;
8;0;18;1;1;1;2;3;3;3;3;3;0;0;4;15;1;2;3;11;1;2;0;3;0;1;0;0;3;0;0;2;3;
0;0;0;2;3;0;10;3;1;3;8;0;1;0;2;13;2;16;0;5;0;1;2;0;0;1;1;0;0;3;0;0;0;0;0;
13;2;2;2;3;3;3;3;4;1;1;1;3;3;3;3;2;0;0;11;
0;1;1;1;2;2;2;2;3;0;0;10;1;1;1;1;2;2;3;0;6;17;0;0;0;9;0;1;0;0;0;15;0;0;0;
1;1;1;1;1;3;9;2;3;2;0;3;0;10;0;6;13;0;0;0;2;
0;16;13;12;0;5;2;0;3;7;1;2;1;1;0;3;3;0;2;1;3;1;1;0;0;0;2;2;1;0;0;1;1;2;
4;1;2;2;2;2;2;12;18;0;1;1;3;3;3;3;3;3;0;0;9;1;13;3;0;1;0;0;1;3;1;2;0;0;1;
1;1;1;1;17;2;2;1;5;3;3;10;13;9;0;1;0;0;3;1;0;3;0;1;0;0;0;2;1;0;
1;1;1;2;3;3;6;12;9;2;0;3;0;0;3;0;18;15;
1;1;2;2;4;1;1;2;2;3;11;1;16;0;8;13;1;0;3;0;0;0;0;0;0;3;3;0;0;0;0;0;
1;1;3;15;0;0;0;0;0;0;
13;1;1;1;12;0;0;0;0;3;0;2;0;18;0;3;9;1;2;3;0;6;1;2;3;2;1;0;0;1;1;3;0;
1;1;3;3;3;15;0;0;0;0;0;2;
13;8;0;3;3;12;0;2;2;5;0;2;3;0;3;3;1;17;0;0;1;1;2;0;3;0;0;0;
2;2;2;3;3;14;1;1;1;1;1;1;2;0;5;11;1;18;1;0;7;1;2;1;0;0;1;0;2;
1;1;1;1;1;1;2;0;3;3;3;3;3;3;4;13;0;0;0;12;0;3;2;
0;15;0;0;0;1;0;
0;9;1;4;17;13;12;2;0;0;0;0;2;
0;4;1;0;1;0;0;1;12;0;18;9;14;2;1;0;1;0;0;0;3;1;3;0;2;2;0;0;0;2;1;
18;7;1;3;3;3;3;3;3;3;0;3;3;3;0;0;14;1;1;1;1;11;2;6;3;0;0;0;2;0;
1;1;3;3;3;3;4;17;1;1;1;1;2;3;3;3;1;0;14;1;11;7;3;0;0;2;3;2;
0;9;16;15;1;1;1;1;2;2;3;3;1;1;2;11;0;0;5;1;2;2;3;0;3;0;0;0;0;0;
1;1;2;2;2;3;3;0;3;0;2;13;8;18;2;1;6;0;0;3;10;0;3;3;1;0;0;1;0;2;
11;18;1;1;1;1;3;3;3;3;0;1;3;0;0;13;7;6;0;1;0;1;1;0;0;1;1;2;0;0;3;0;0;1;
0;1;2;3;3;3;3;3;3;1;1;2;2;2;2;3;0;0;18;0;
0;1;2;2;2;2;3;13;18;0;1;0;3;5;0;8;2;2;1;2;0;3;10;0;3;2;3;1;0;3;0;0;0;0;2;
1;1;2;3;8;13;2;0;6;0;0;11;0;2;
1;1;1;1;1;1;2;7;0;1;2;0;3;1;4;15;0;3;2;0;3;0;0;1;17;2;0;1;12;0;3;0;0;0;2;
5;1;3;17;14;11;3;1;0;0;9;0;3;1;0;1;3;0;0;0;0;2;1;2;1;1;0;1;0;0;0;1;1;
11;2;0;1;1;16;2;7;2;2;0;0;13;1;
0;17;5;1;1;3;7;14;0;1;2;3;11;1;0;2;3;3;0;2;0;2;0;1;0;2;0;0;0;1;2;0;0;0;
0;7;1;1;1;1;1;1;1;13;4;3;17;0;10;0;0;0;0;2;
0;9;0;17;4;0;3;3;1;0;0;0;2;11;1;0;15;0;0;0;3;3;2;1;1;2;0;1;0;0;0;0;0;0;
12;4;1;1;2;2;2;2;3;3;13;18;1;1;1;2;0;2;2;7;2;0;3;1;3;0;0;0;0;1;0;
13;4;0;2;2;16;11;0;1;0;7;0;0;1;2;3;0;0;0;2;2;1;3;2;0;3;2;0;3;1;0;0;0;0;2;
18;1;1;2;2;2;2;15;3;12;2;4;1;1;0;0;0;3;0;7;3;3;3;3;0;3;3;2;1;2;2;0;0;2;0;
14;10;0;1;1;2;3;3;3;3;3;0;1;1;1;1;1;1;1;1;17;8;0;4;0;2;0;0;3;0;0;
1;2;2;3;3;3;3;0;1;0;0;5;0;0;
12;0;0;0;0;3;6;
1;1;2;2;2;0;10;18;2;15;1;4;9;1;3;0;3;1;1;1;0;0;1;1;1;0;0;3;0;0;1;2;1;0;
0;2;5;0;0;17;9;0;
1;2;2;2;2;2;2;3;1;2;2;2;3;3;3;3;12;2;1;6;1;0;1;13;17;1;0;8;0;0;0;0;0;2;
17;7;0;1;2;2;2;3;0;5;0;0;10;1;3;13;1;0;2;3;0;1;3;3;3;2;1;3;0;0;1;0;3;
0;1;1;1;1;3;3;3;3;6;0;18;0;0;0;0;0;
17;2;14;1;8;1;1;3;4;10;2;0;1;3;0;0;0;0;2;0;1;
17;12;1;2;2;3;3;4;0;3;1;2;2;0;0;2;0;0;14;2;3;3;7;1;0;0;0;1;2;2;0;0;0;2;0;
7;1;1;1;3;3;6;2;0;3;1;0;3;0;14;11;16;0;2;3;0;2;0;1;1;0;2;0;1;0;0;1;0;0;
0;1;2;11;0;2;0;3;3;1;4;3;2;7;13;1;0;1;16;1;3;0;0;2;0;0;0;0;0;0;1;
1;1;1;1;2;1;16;15;5;1;8;0;11;0;0;0;3;2;1;2;1;1;0;1;1;0;3;2;0;
0;15;8;0;1;1;3;3;18;3;0;5;0;2;11;1;3;2;0;1;1;0;0;0;2;0;0;0;0;0;
8;1;1;3;3;3;3;16;4;13;1;1;1;1;1;3;3;1;0;2;0;0;11;0;0;
0;3;1;3;2;0;0;1;0;
17;13;2;2;2;2;3;3;3;4;0;1;1;3;3;3;3;0;1;1;1;1;1;1;3;3;2;2;9;12;0;0;1;1;
13;0;0;5;18;2;11;0;3;8;3;2;0;3;0;0;3;1;0;2;0;0;0;2;
14;1;1;2;3;3;3;3;8;0;4;0;3;0;1;11;18;0;1;0;3;3;0;3;3;0;0;0;0;
13;12;5;8;1;1;1;1;1;2;3;3;0;2;0;1;16;3;2;3;0;0;0;0;2;0;0;
0;8;17;1;1;1;2;2;2;2;2;0;4;10;1;1;1;1;1;1;3;3;0;0;14;1;1;1;1;1;0;0;0;1;
16;1;1;1;3;0;4;1;1;1;2;3;3;3;11;1;0;1;0;0;0;13;0;1;8;0;2;0;0;3;0;2;0;0;
18;0;4;1;1;2;2;7;0;14;1;12;3;2;2;0;3;0;2;2;0;0;0;3;3;0;0;0;3;2;
1;1;1;2;2;2;2;1;2;3;0;2;3;7;10;3;0;1;0;14;0;3;0;2;5;2;1;17;2;0;1;3;0;
13;18;2;0;1;1;9;6;0;1;10;2;3;3;3;3;1;0;0;3;3;1;0;0;0;0;3;2;
0;14;3;0;0;11;2;3;
9;0;13;1;16;0;0;0;2;3;
9;18;12;1;2;2;2;3;5;13;0;1;3;1;2;1;0;3;0;0;3;0;1;0;2;0;1;2;0;0;0;0;0;3;
1;1;1;1;1;1;2;4;0;1;2;11;15;1;16;1;0;2;0;0;3;0;7;3;1;2;0;0;0;3;3;0;0;
14;2;1;10;3;2;0;3;7;2;3;1;6;16;0;2;2;0;0;3;3;0;2;0;1;0;2;3;
2;2;3;3;3;3;3;3;16;11;0;15;5;3;2;9;2;1;1;3;0;0;3;3;0;2;0;1;0;0;0;0;
1;3;3;3;3;0;0;1;0;3;1;0;
1;1;2;4;1;1;1;1;1;1;7;1;2;3;3;3;17;13;10;3;0;0;2;0;2;1;0;3;3;2;0;1;2;
16;0;1;1;2;2;2;3;3;3;0;2;0;1;0;1;0;15;2;3;0;3;5;12;7;3;1;0;0;0;1;
16;15;3;0;0;1;9;4;11;3;0;0;1;3;0;1;0;1;3;3;1;0;0;0;0;1;0;1;0;0;0;0;
9;4;1;1;1;1;2;2;2;2;1;10;3;1;0;2;3;0;3;0;3;13;0;2;18;1;0;3;0;0;3;0;
0;2;11;3;2;0;0;17;7;0;
4;0;16;1;3;3;14;2;7;11;0;1;3;1;3;0;3;1;3;0;1;0;0;2;0;1;
17;0;2;0;0;0;3;0;13;0;0;5;3;8;3;0;0;3;1;10;2;2;0;0;0;3;
0;0;0;0;0;16;
0;1;1;1;1;1;2;2;2;2;2;2;3;3;3;3;3;2;0;1;0;12;
1;1;1;1;2;3;0;3;11;0;9;0;15;
2;4;0;12;1;1;1;1;1;3;3;0;3;3;0;0;0;0;0;
0;15;1;3;3;0;10;3;1;
1;1;1;1;2;2;2;2;0;2;3;10;6;3;17;8;3;15;1;0;2;0;0;0;0;0;0;0;
1;1;1;1;2;3;3;10;15;1;0;6;1;0;0;2;0;0;3;0;
15;2;2;2;2;4;7;1;1;1;1;12;1;1;1;2;2;2;3;18;1;3;0;0;1;0;0;0;0;0;
1;1;1;1;1;15;4;2;0;3;1;9;0;3;18;11;1;3;0;1;0;3;0;2;1;0;0;1;1;0;0;0;1;2;
1;1;1;1;3;3;3;3;10;1;2;3;0;0;0;0;2;1;15;16;0;4;0;7;1;2;3;0;0;0;0;0;1;
1;1;1;1;3;3;15;3;11;0;5;17;0;0;1;9;0;0;0;1;1;0;0;3;0;0;1;0;1;3;0;0;1;0;1;
18;1;2;2;2;2;14;3;0;0;5;2;7;2;3;3;0;12;0;2;1;2;1;3;0;0;2;0;0;0;0;0;
14;16;12;0;0;0;0;0;1;
0;18;6;0;0;2;3;1;0;0;0;1;3;0;10;8;15;0;0;0;0;1;0;2;0;3;0;0;3;0;0;
0;13;7;1;1;1;2;2;2;3;3;0;0;0;18;3;1;
0;0;9;10;3;0;3;1;6;0;13;1;2;1;1;16;0;1;3;0;3;2;1;0;3;3;0;0;3;0;2;
1;1;1;2;3;3;3;4;0;2;2;3;3;3;3;3;14;3;0;9;0;0;3;16;2;10;0;0;0;0;
13;16;10;1;2;1;0;2;3;8;6;1;0;1;3;1;2;0;3;0;3;0;3;1;1;1;0;0;0;0;3;0;3;
1;1;1;1;1;1;1;7;0;4;0;0;12;2;2;3;17;2;14;0;0;0;3;3;0;0;0;0;0;2;0;2;0;
6;0;8;2;11;0;1;2;13;17;0;1;1;0;3;3;3;1;0;3;3;2;0;0;0;0;0;0;3;0;
17;13;10;0;3;5;0;3;1;8;1;0;0;2;2;0;2;0;0;1;0;1;0;0;1;1;0;3;2;0;0;0;0;0;
0;8;1;1;1;2;3;3;4;2;2;2;2;2;3;3;0;16;1;3;1;0;0;2;0;0;0;13;
0;0;1;2;3;3;3;2;7;1;1;0;0;0;1;0;0;
5;2;3;16;0;0;0;10;9;0;14;3;0;0;0;0;2;1;3;3;0;1;0;2;1;0;2;0;0;3;
1;1;1;1;1;3;3;3;16;4;2;7;0;3;2;0;0;13;2;10;2;3;0;0;2;3;0;0;0;2;
0;6;15;0;3;3;11;3;8;2;0;18;1;1;3;0;0;2;0;
2;2;2;3;3;4;1;2;2;2;3;3;3;0;1;8;0;3;1;18;12;1;0;0;0;13;1;0;2;2;0;0;1;0;
0;8;0;16;0;1;2;3;5;10;15;1;0;3;2;3;2;2;0;2;1;0;0;0;1;1;3;2;2;0;0;3;
1;1;1;1;1;6;2;2;2;2;3;3;3;0;0;3;12;0;15;18;0;0;0;2;0;0;0;0;3;
11;0;0;9;2;16;5;0;1;15;0;2;1;0;1;1;1;0;1;0;0;2;0;3;3;1;0;0;0;0;2;2;2;
7;1;1;1;1;2;2;2;4;1;2;3;3;1;13;3;11;0;16;0;2;0;3;0;0;3;0;0;0;0;0;
0;0;0;3;1;2;
1;1;1;3;3;5;9;1;1;2;2;2;3;0;0;17;2;0;1;12;1;2;0;3;14;0;1;0;0;0;0;0;
0;17;1;2;3;3;3;3;3;3;0;1;0;2;5;7;13;11;2;3;0;1;1;0;1;1;1;0;0;0;0;0;
0;1;2;2;2;3;3;3;3;9;15;0;6;1;1;12;16;3;0;3;0;0;0;1;0;
6;9;10;18;3;0;2;15;3;1;0;0;0;0;
4;1;1;1;1;1;1;1;16;9;0;0;13;0;0;1;0;12;1;0;0;3;2;0;3;2;3;0;0;0;0;0;2;3;2;
0;7;15;0;11;1;0;3;4;3;0;0;0;16;0;
18;0;1;0;2;11;0;2;0;3;
0;0;0;0;9;3;
1;1;1;2;3;3;3;3;18;11;0;3;0;9;0;13;4;3;2;1;1;0;0;0;0;0;3;2;0;
15;0;2;2;3;3;3;7;4;2;2;2;2;3;3;3;3;0;1;0;17;3;12;1;0;3;1;0;1;3;0;2;0;0;2;
2;2;3;5;18;2;0;0;0;3;0;1;0;1;0;12;1;8;3;0;3;13;0;3;0;0;1;0;
1;2;4;10;0;17;1;1;2;2;2;2;2;1;0;1;3;3;1;14;0;9;2;2;0;0;3;0;0;0;0;0;1;
10;0;17;8;4;0;14;1;1;0;0;0;2;2;3;1;1;1;2;3;0;1;3;1;1;3;2;0;0;0;0;0;3;
1;2;2;2;2;2;2;4;1;1;2;2;3;0;10;8;3;13;0;3;17;2;1;3;0;1;0;0;2;0;0;0;0;
17;1;1;3;3;3;3;0;12;0;2;0;3;1;0;7;14;1;3;1;4;0;0;1;0;2;
2;4;1;2;2;2;18;0;1;1;2;2;3;3;0;0;12;2;15;1;0;0;3;9;1;2;1;3;3;0;0;0;0;2;0;
0;12;0;2;17;14;0;9;5;0;3;1;2;1;0;1;0;0;0;0;0;0;3;2;1;0;0;1;0;0;0;
16;13;7;3;2;6;1;3;11;2;2;1;1;1;0;0;3;1;3;3;3;0;0;0;2;1;2;1;2;1;0;0;0;
1;1;1;2;2;2;8;6;0;0;1;1;1;3;10;1;0;16;13;2;3;0;3;2;2;1;3;0;0;0;3;2;
2;3;2;3;13;0;2;2;5;2;0;0;0;
