3;3;3;3;3;18;1;7;29;1;2;3;0;25;0;14;10;23;1;1;5;0;0;0;21;2;0;
0;0;12;26;20;0;0;0;
17;1;3;0;0;29;1;3;0;3;26;23;0;3;2;0;2;0;1;0;
0;3;1;3;0;3;0;23;11;2;1;
0;0;28;0;2;3;3;3;3;3;3;0;7;0;3;0;0;0;0;1;0;
0;30;3;1;0;0;0;0;5;26;0;22;1;0;7;12;18;1;0;0;2;0;21;0;15;3;2;1;1;3;1;3;1;0;1;0;0;0;0;
24;8;3;0;28;1;0;3;0;0;18;0;0;
4;1;1;1;2;2;2;14;11;2;1;3;0;3;1;0;1;22;29;25;2;7;1;19;1;16;0;1;2;0;0;0;0;0;2;2;0;0;
0;0;2;1;3;3;0;3;
2;2;3;3;3;21;4;30;27;24;0;0;11;0;
1;2;2;2;3;22;0;1;29;19;0;0;5;15;18;
20;2;2;5;9;24;0;3;25;1;0;0;0;0;2;0;3;15;2;0;17;3;0;11;30;3;1;0;0;0;0;
7;0;29;4;0;14;0;3;25;0;0;19;17;1;0;2;10;
1;2;3;3;0;1;26;1;1;3;30;14;0;1;0;10;20;16;0;2;3;3;2;1;0;0;22;4;2;8;3;0;0;2;
0;26;13;0;0;0;0;0;0;3;
0;12;28;4;0;3;2;18;3;0;0;0;0;2;2;1;2;0;2;0;3;2;
1;1;2;2;3;3;0;1;0;0;14;0;0;
1;2;2;2;3;1;3;19;16;3;3;0;23;0;0;0;2;28;6;0;1;1;
0;4;27;8;20;17;0;0;0;0;1;29;11;
27;22;7;1;1;2;2;2;2;3;19;30;0;3;0;12;3;0;15;6;
30;1;3;3;2;9;0;26;2;14;0;0;23;0;2;1;0;0;0;1;0;3;16;21;2;2;3;12;5;0;3;0;
14;21;3;0;0;27;28;3;1;18;0;0;0;0;24;1;1;4;12;0;1;0;0;3;0;0;0;2;7;2;0;0;
1;1;1;1;2;3;3;25;15;0;0;0;0;2;1;0;
15;3;3;3;0;9;5;1;27;0;24;0;0;0;17;30;0;20;0;0;0;11;0;0;0;3;0;1;0;1;2;0;1;1;2;0;0;0;1;
0;14;2;2;2;0;0;2;22;
2;2;3;3;3;3;29;1;1;3;3;2;3;1;0;0;0;0;
26;0;6;0;3;3;11;2;2;3;1;0;1;2;29;21;0;0;8;1;
0;0;30;1;5;10;0;0;
13;4;2;1;3;7;1;24;1;2;28;2;3;26;11;1;18;1;2;21;3;1;2;0;2;1;0;0;3;0;
28;11;5;2;1;3;3;0;23;0;26;2;7;17;0;3;3;15;0;20;3;1;2;0;1;0;3;0;3;2;3;3;0;1;3;
7;3;3;3;3;0;0;0;0;10;0;2;5;3;18;1;0;3;0;30;24;0;1;0;27;13;0;2;0;0;1;1;
26;10;23;2;2;14;3;0;0;3;0;21;0;6;1;0;0;0;30;0;0;3;3;17;3;0;1;0;3;0;8;
1;1;1;2;2;3;3;3;7;19;2;29;5;0;1;0;3;0;0;1;17;
22;9;0;0;2;3;0;0;21;0;3;5;1;27;10;15;0;0;1;2;30;1;17;2;1;0;3;3;0;0;2;0;3;3;
0;3;26;0;3;2;2;6;22;2;20;0;15;0;0;9;3;1;0;18;12;0;28;2;1;2;0;3;0;0;2;
18;3;3;3;12;6;2;19;3;0;2;0;0;0;0;0;1;
2;2;2;2;2;2;2;17;0;23;0;2;
28;2;2;3;3;3;3;19;0;1;0;1;0;6;0;11;
0;1;2;16;20;15;0;3;1;3;0;1;25;0;23;8;3;2;10;28;5;0;0;2;1;
0;0;14;2;1;0;22;0;
11;25;5;0;0;24;0;0;2;28;13;0;0;1;8;2;18;0;21;3;0;2;0;3;0;0;0;0;1;
1;1;1;1;3;3;3;16;3;1;3;8;3;19;2;10;2;15;1;29;6;0;0;2;3;
23;0;1;29;2;2;0;9;12;1;3;0;0;3;3;0;15;19;18;6;27;1;0;2;0;1;3;0;0;1;0;0;
1;1;1;1;2;3;3;12;29;3;16;23;1;3;1;0;0;3;0;6;0;
6;1;10;20;22;0;2;8;0;0;28;14;2;2;2;25;0;16;1;2;0;2;1;1;3;0;3;0;0;2;0;
1;2;2;2;12;3;24;0;0;4;0;0;0;1;3;0;15;3;0;26;17;0;29;0;0;8;0;0;2;0;
9;2;2;2;3;3;3;3;3;1;2;2;2;2;3;0;17;
9;0;0;2;3;0;19;0;2;1;0;2;5;18;0;1;10;1;0;24;26;13;28;3;1;0;3;0;0;0;3;2;
1;1;1;2;3;3;7;28;0;0;1;21;3;1;6;0;2;2;25;13;3;0;2;3;22;3;2;0;16;0;
1;2;2;3;27;21;0;1;10;15;9;0;1;0;28;16;3;3;0;3;0;6;
28;0;0;0;1;14;22;2;0;
0;14;0;28;2;2;25;1;11;
10;0;0;2;4;23;0;2;29;13;26;7;21;18;0;0;2;2;0;3;1;3;1;0;2;0;2;2;1;0;2;0;0;
5;3;3;3;1;19;27;0;29;3;14;11;7;22;3;18;0;0;0;2;3;3;2;0;0;0;3;3;0;3;0;0;1;0;
0;0;2;29;1;0;1;12;
2;2;2;3;0;0;0;0;3;11;0;0;3;1;
19;2;0;2;0;0;1;2;0;30;0;27;3;24;11;0;0;2;3;
2;2;3;3;3;3;0;0;1;17;
23;9;19;27;0;5;12;3;0;2;3;0;18;1;13;29;1;0;0;3;0;0;0;0;2;0;1;0;0;1;0;
26;9;0;1;0;3;16;19;22;0;3;14;3;0;0;0;0;3;29;1;
0;6;13;27;1;1;1;1;2;2;2;2;17;0;8;3;1;19;3;0;24;10;28;0;2;1;0;2;3;3;0;3;0;0;0;
2;2;2;2;2;3;3;0;5;20;7;0;2;3;1;0;0;30;18;
0;5;0;29;11;3;0;0;0;0;0;19;3;9;27;0;3;2;0;0;1;23;0;13;3;18;0;0;0;2;0;0;
21;0;3;0;0;3;1;0;3;0;0;13;2;1;2;3;24;2;17;0;12;3;25;3;29;5;9;2;0;0;1;0;
23;2;2;2;3;3;3;0;0;26;0;1;0;13;0;17;
0;1;1;1;1;3;4;0;0;3;2;0;13;20;26;
1;2;3;26;0;2;0;0;12;23;19;0;1;15;0;2;0;2;0;1;9;0;18;6;1;30;0;3;0;1;3;3;0;1;0;
3;3;3;3;3;3;4;3;0;0;0;0;21;2;0;
1;1;2;2;3;3;3;6;20;0;0;0;0;8;
6;0;2;0;29;0;1;0;15;
1;1;1;2;2;3;3;3;0;0;23;0;
2;2;2;2;2;2;9;3;3;21;18;10;0;14;2;3;0;0;
0;25;29;23;0;10;3;1;21;1;2;0;1;0;1;0;6;3;1;16;14;2;0;7;3;0;0;0;0;0;0;1;2;
1;1;2;2;3;3;1;0;16;14;3;
25;0;0;18;21;0;3;1;9;
0;17;25;0;21;14;1;0;0;30;11;6;0;3;0;0;0;0;3;1;9;24;0;0;2;3;0;1;1;
1;2;2;2;2;3;3;0;3;0;2;19;1;0;0;12;30;9;3;0;23;0;0;0;
15;2;30;1;0;0;25;0;20;24;1;
26;12;14;3;8;2;0;0;29;18;21;4;0;0;0;22;0;2;3;0;1;0;0;0;0;
0;1;1;1;2;11;2;0;25;3;1;24;2;19;3;29;7;2;18;14;1;1;3;1;2;4;0;0;3;3;
0;1;0;0;19;1;0;6;13;
0;0;1;19;3;15;3;3;0;3;1;27;22;0;8;28;10;16;5;1;0;2;0;3;2;1;0;
2;2;3;22;2;3;2;0;0;10;3;2;15;0;0;1;0;0;0;30;
20;23;1;14;5;3;0;1;0;3;0;0;3;0;0;25;1;0;3;7;18;0;1;11;0;1;28;0;0;0;0;3;2;1;2;
1;1;1;3;0;30;0;8;3;0;0;13;2;23;0;0;0;3;11;26;
0;0;3;2;7;1;1;0;
21;1;2;2;9;0;29;0;14;1;25;
0;6;13;28;8;1;1;2;1;3;3;0;3;0;25;0;3;0;0;
21;1;0;3;3;0;10;0;2;1;26;1;23;2;2;1;15;0;18;3;0;
0;1;2;2;3;3;3;3;1;15;0;0;11;0;
1;1;1;1;3;3;3;22;3;0;2;0;19;0;2;14;7;0;3;0;0;
22;0;14;1;10;1;2;20;6;7;0;3;17;2;3;3;28;0;0;25;1;0;
2;2;2;2;2;4;2;1;0;0;2;0;0;1;
1;1;1;3;3;15;0;1;1;2;2;2;3;2;22;0;26;0;0;29;
1;1;1;2;3;3;2;2;23;21;2;0;11;25;
1;2;3;3;3;3;3;4;0;15;20;22;2;0;28;25;18;0;11;0;7;
1;3;3;3;3;3;3;4;1;1;0;3;0;0;2;0;1;
0;0;8;1;3;0;0;0;
21;24;30;2;3;3;3;3;3;9;0;0;14;10;2;0;27;0;2;0;0;0;3;3;3;0;4;0;18;3;1;0;1;2;0;0;1;
0;1;3;0;0;2;6;3;30;0;
30;3;9;1;15;2;27;2;11;0;1;22;1;3;0;3;0;18;6;0;0;0;2;
0;2;2;2;3;3;3;3;10;24;3;25;6;0;16;1;15;19;0;2;2;0;1;3;8;29;0;3;0;1;3;0;0;1;
0;21;27;16;0;30;12;0;22;2;5;0;3;0;0;0;0;3;13;0;8;1;3;2;3;0;0;0;3;
21;1;1;3;10;3;2;0;2;2;0;0;7;15;5;0;1;2;16;28;3;0;3;25;0;24;1;0;3;0;
1;1;1;2;2;3;4;2;9;0;3;20;3;1;17;2;0;2;0;
1;1;2;3;3;3;3;20;0;3;9;0;26;2;5;0;0;
1;2;3;3;19;0;29;3;17;0;0;3;4;0;3;2;10;7;25;2;3;23;0;15;3;0;0;3;0;
24;1;2;2;3;19;2;3;12;2;25;3;0;0;0;0;28;0;8;0;14;2;16;6;0;2;0;2;1;2;1;0;3;3;1;0;1;
5;26;16;3;9;0;13;2;29;21;22;2;0;1;1;3;3;1;0;0;0;12;
1;2;2;2;2;2;2;4;2;0;11;0;20;2;1;0;30;27;1;1;0;0;
1;2;2;2;2;3;3;12;1;0;3;0;0;0;
1;1;1;2;3;3;4;19;3;0;1;11;0;13;0;1;0;0;27;0;0;30;3;
2;3;3;3;4;1;1;1;3;3;0;3;0;0;3;1;
0;6;2;22;0;0;1;0;0;16;29;0;0;25;0;11;0;0;3;1;0;19;1;3;1;3;1;2;2;2;3;0;3;3;
30;0;2;4;1;2;3;3;3;3;3;3;3;1;0;0;0;0;
16;1;1;2;2;2;3;3;3;3;3;12;28;0;15;20;1;3;1;0;1;0;23;2;6;2;0;0;27;
0;3;3;15;0;3;16;1;0;0;1;3;1;29;0;
0;0;2;0;2;2;0;0;
11;3;3;3;3;27;0;14;0;28;2;4;3;
1;1;3;3;3;3;0;1;0;1;0;2;1;
2;2;2;30;0;3;0;2;0;3;16;0;24;1;
1;2;3;3;3;5;9;15;0;0;2;25;0;16;21;12;1;3;28;0;22;2;2;0;0;3;
2;2;3;3;3;3;5;3;1;3;0;0;2;14;
3;3;0;19;0;0;3;0;3;0;1;0;0;24;3;0;0;0;
2;2;2;15;10;29;0;17;22;2;4;20;1;0;9;27;1;0;0;0;3;1;0;0;1;1;3;0;0;0;0;0;0;3;
1;1;1;1;1;3;3;5;7;1;3;0;13;3;1;0;2;3;0;0;0;0;0;0;
6;0;26;0;0;0;15;0;0;1;19;3;1;11;1;1;0;1;8;1;0;29;2;1;2;2;22;2;16;2;3;0;1;0;0;0;0;3;
14;1;3;0;3;0;2;0;0;25;23;10;0;9;16;2;0;0;0;0;3;3;6;29;0;20;0;3;1;0;0;0;0;0;
0;7;0;20;1;23;10;0;6;0;0;28;2;16;0;0;3;0;1;2;0;3;0;0;13;0;3;3;27;3;0;0;0;1;
18;2;1;3;0;3;26;19;0;2;3;0;11;1;13;
13;0;23;0;0;0;5;8;2;27;
2;2;2;2;3;3;18;2;10;28;14;3;0;0;3;
26;1;7;28;1;0;11;23;0;21;0;18;14;0;6;1;3;1;0;2;0;3;0;0;0;0;1;0;0;2;
1;1;1;1;2;26;14;2;0;1;4;18;0;24;1;8;30;19;12;0;0;0;0;0;1;0;0;0;0;
1;1;2;2;2;3;3;4;8;1;17;11;30;2;3;1;1;1;0;0;0;3;0;3;19;
2;2;2;3;3;3;24;28;0;1;0;0;
20;0;0;14;2;0;2;30;3;1;3;2;0;0;0;11;0;2;3;0;5;24;17;27;0;0;0;0;3;8;1;2;0;1;0;2;0;
2;4;1;1;1;1;3;3;3;3;16;1;3;3;1;0;0;0;26;10;2;
0;0;7;2;0;0;25;2;0;3;2;2;2;19;22;17;0;11;1;3;13;28;0;4;0;0;2;3;1;2;0;0;3;
20;17;14;26;2;9;0;3;3;1;0;5;0;1;3;0;
20;4;18;23;27;7;3;0;1;28;3;13;0;11;0;0;0;0;2;3;3;1;1;1;0;3;3;1;0;0;1;0;0;3;
1;1;1;2;3;3;27;0;28;24;1;0;9;1;19;2;3;15;1;1;0;4;12;16;0;2;2;0;0;0;0;
1;2;2;2;2;2;3;3;1;1;1;3;3;3;16;25;3;0;29;3;2;21;0;0;0;
0;0;0;0;21;30;27;0;
21;7;15;0;23;3;0;18;0;3;3;2;0;
14;1;16;0;2;1;10;0;0;0;0;2;20;2;3;1;0;0;23;1;5;
25;0;0;0;2;2;5;1;1;
0;3;5;0;28;2;1;3;3;17;9;0;3;0;3;0;0;0;0;
0;26;28;1;10;22;3;8;0;13;1;21;2;0;0;16;3;3;5;0;0;2;3;2;0;2;0;0;3;
0;1;1;1;1;1;3;0;2;3;0;2;23;1;19;3;14;16;28;1;0;10;26;0;7;6;0;1;1;3;
0;28;0;0;0;2;2;0;3;
30;0;26;8;0;0;1;3;1;0;12;0;15;17;4;0;2;0;20;22;3;0;3;2;2;2;0;0;0;
0;21;26;2;3;0;8;0;3;1;0;
2;2;2;2;4;9;0;3;2;3;3;19;30;3;1;0;2;0;2;26;3;0;0;
1;2;2;2;2;3;4;3;0;1;1;0;0;1;2;2;2;0;2;7;0;3;3;0;0;
27;1;1;1;1;2;0;2;16;2;0;19;3;3;2;0;30;2;
11;0;3;16;14;0;2;1;30;26;0;3;5;20;7;23;1;0;2;1;1;0;2;3;0;1;0;2;
10;2;2;2;20;0;0;1;3;2;3;3;16;0;3;0;0;0;0;0;0;4;
28;23;3;3;0;25;0;12;5;19;0;
0;0;0;13;0;1;3;0;
1;1;2;2;4;13;0;22;20;3;1;2;0;17;0;2;2;2;0;1;9;3;0;10;28;0;0;27;0;0;0;1;0;
3;3;3;3;3;3;2;2;19;7;0;13;2;3;
13;2;2;2;2;3;17;4;26;1;0;3;0;0;3;1;1;3;0;12;1;2;2;8;2;0;0;
18;0;2;3;3;3;3;3;30;0;1;10;0;1;0;0;8;21;0;0;0;25;0;3;0;
1;1;2;2;2;2;3;3;2;2;3;2;0;0;
1;2;2;2;3;0;24;1;3;12;14;21;2;3;2;3;1;0;2;5;
3;3;0;0;20;1;1;2;2;2;3;3;3;26;0;2;4;12;8;0;0;2;28;3;0;1;14;
14;19;3;1;0;4;2;0;0;29;17;0;12;2;24;0;9;0;26;0;2;0;0;1;1;1;0;1;0;2;1;3;0;0;0;2;0;
15;0;0;3;0;1;7;17;29;0;3;26;1;0;22;1;0;0;5;2;0;2;0;0;12;2;0;20;2;0;0;1;3;3;0;0;0;
22;2;2;2;2;3;2;0;3;2;15;17;0;3;8;30;0;3;3;0;2;3;
15;0;22;3;3;0;0;0;17;3;0;0;0;
15;24;3;3;8;3;0;0;12;5;17;3;2;
27;0;2;2;13;2;2;0;0;0;2;1;2;3;0;0;3;1;0;22;0;0;0;
0;0;2;3;3;3;3;3;3;3;11;16;27;0;8;3;4;0;1;2;1;0;0;0;0;
0;28;18;1;2;0;1;21;0;3;3;
0;30;0;4;0;0;2;8;13;0;0;24;3;2;2;1;0;3;3;0;10;17;1;25;21;0;0;0;1;1;3;1;0;0;3;0;
22;2;3;3;1;18;0;8;0;30;0;0;0;0;26;3;21;0;2;1;13;2;5;0;1;11;0;
1;2;2;2;2;2;4;21;2;0;23;2;1;10;3;3;0;9;2;0;18;25;29;0;3;15;0;0;
0;25;0;0;1;0;0;2;24;
30;1;1;2;2;3;0;0;1;1;3;3;4;0;0;2;2;18;0;27;7;0;3;19;3;0;0;2;
1;3;3;0;0;28;0;3;2;2;3;3;13;3;2;27;0;0;3;8;0;1;2;2;6;3;0;0;2;
0;3;1;0;1;0;29;0;2;9;0;0;1;1;1;0;14;27;0;2;0;0;2;19;17;0;24;3;11;0;3;5;0;1;1;2;
1;3;3;3;3;3;3;0;28;21;3;22;0;3;
9;3;11;1;14;0;0;2;20;2;2;1;23;
1;2;2;2;2;2;3;7;0;0;2;10;3;0;0;1;3;
0;24;0;0;0;1;0;14;0;
9;23;0;16;1;2;21;14;0;3;11;30;3;4;0;26;3;0;3;2;3;3;3;2;3;1;0;0;2;3;
0;19;3;1;23;5;25;3;1;9;0;3;0;0;0;15;0;0;3;2;17;1;10;
13;0;1;1;2;2;2;2;2;3;18;3;22;1;0;2;26;9;1;3;0;2;0;
0;0;0;0;3;27;19;0;
0;17;0;3;0;4;30;3;0;
0;12;3;3;25;2;0;0;22;1;19;0;2;0;0;5;3;0;1;28;9;1;3;0;0;0;13;
0;13;28;0;0;7;0;26;24;21;0;2;18;5;0;12;3;1;3;1;2;2;0;2;2;3;0;1;2;0;1;0;1;0;0;2;
0;0;0;4;2;1;3;1;
1;1;1;1;3;0;29;0;0;0;0;1;0;0;2;0;
1;2;2;2;2;2;3;10;0;30;14;3;0;23;0;
0;1;3;3;3;0;0;21;2;1;3;13;
10;3;2;1;0;4;1;14;3;1;0;0;30;0;3;24;1;1;0;
15;0;2;18;1;0;4;7;3;0;27;
1;1;2;2;2;3;3;10;0;0;7;0;3;0;5;1;0;0;0;0;1;
1;1;1;1;1;1;3;3;0;2;22;0;0;0;2;0;0;0;2;0;
18;0;6;0;21;1;3;3;3;0;
6;1;2;2;3;3;3;3;3;2;10;2;1;0;3;28;2;26;0;0;0;
1;0;0;2;0;1;26;3;0;0;0;0;1;0;3;
0;1;1;1;2;3;3;3;0;0;30;15;0;0;21;0;27;0;11;
1;1;1;2;2;2;2;3;1;3;3;0;3;18;
1;1;1;2;2;2;2;3;3;3;0;3;2;
17;0;24;12;3;1;3;2;9;2;0;3;30;3;1;26;2;14;1;0;0;6;19;
1;2;2;2;0;4;0;2;0;3;10;1;17;2;2;1;0;3;3;13;0;0;24;27;0;28;2;0;2;
0;2;0;2;0;3;16;19;0;3;0;0;0;0;8;0;0;14;3;3;0;0;26;24;1;3;2;1;28;0;0;6;1;
5;1;1;1;2;0;20;0;0;0;30;0;0;0;1;26;1;0;0;3;0;16;3;2;3;0;0;10;3;0;1;14;24;
1;1;1;2;3;3;3;3;18;1;4;3;0;3;2;0;3;8;20;
1;1;2;3;3;3;26;0;30;13;1;3;22;
30;0;1;1;0;2;19;3;17;0;12;25;0;3;23;3;14;5;3;2;0;0;0;0;0;0;3;1;
0;0;3;2;5;0;0;0;
1;1;1;1;1;1;2;15;0;2;12;27;3;30;0;2;17;3;
2;2;2;3;3;3;4;1;0;0;0;17;21;0;0;2;25;13;
1;1;2;2;2;11;18;0;19;0;2;0;22;13;2;1;0;7;2;0;5;28;27;2;2;0;0;3;3;0;3;0;1;0;0;
4;1;29;0;1;1;2;21;2;2;0;1;3;1;0;27;12;2;2;1;0;1;1;
0;0;0;2;0;0;21;25;0;15;0;12;1;0;4;23;29;9;18;2;0;1;0;1;2;2;2;2;1;3;2;1;0;0;0;3;0;0;2;
0;27;30;2;2;2;2;2;2;2;2;1;3;3;3;0;5;
0;3;0;20;0;3;1;12;25;1;0;0;2;0;5;2;29;0;2;16;1;0;1;3;14;24;2;0;8;0;0;0;
1;2;2;2;2;2;2;2;1;0;28;17;0;2;1;0;3;10;0;15;0;21;24;2;26;9;0;0;4;2;1;3;3;2;3;2;0;0;
10;1;1;3;3;3;3;3;0;0;13;22;3;18;1;
23;4;18;30;0;1;3;2;2;3;21;15;10;25;0;1;0;8;0;3;
0;2;2;4;0;1;2;2;2;2;3;3;0;2;0;0;22;
29;1;1;1;1;1;2;2;3;13;3;0;0;3;2;0;2;0;1;17;
0;6;1;1;1;2;2;2;2;2;26;2;0;1;2;23;2;29;14;0;18;0;10;0;19;3;0;8;1;3;0;0;0;0;0;2;0;0;
26;0;2;4;10;3;13;2;0;8;29;1;2;24;16;2;0;0;0;3;1;0;0;19;2;
21;2;22;3;13;0;0;1;2;11;30;0;8;0;0;16;26;5;0;1;3;0;
2;2;2;2;2;2;3;3;0;3;21;8;2;0;0;3;
28;1;20;8;3;0;1;0;0;0;0;2;1;0;24;0;26;0;0;1;3;0;4;1;2;0;
1;2;3;3;3;3;3;3;6;2;0;15;11;17;
5;1;1;1;25;0;3;0;0;2;18;2;1;1;
1;1;3;3;3;3;14;27;4;7;0;1;12;21;0;0;1;22;28;3;1;
20;25;28;7;17;2;14;0;22;0;3;10;0;6;0;0;3;0;0;0;1;1;2;3;0;3;1;0;1;2;0;
0;26;16;0;28;1;1;2;2;2;3;2;5;20;23;10;13;0;8;0;1;0;0;1;0;3;0;3;0;0;0;3;0;0;0;
2;2;2;2;4;0;1;0;0;2;3;3;0;2;0;0;0;1;12;0;26;28;0;3;0;13;2;3;21;7;0;18;
25;1;3;3;3;3;3;3;3;2;23;0;0;2;30;3;0;
21;1;3;3;3;3;3;3;0;10;13;0;0;0;24;0;2;0;9;25;2;2;
0;3;23;1;3;3;0;0;1;11;0;0;20;16;0;0;28;1;6;25;0;
0;0;1;2;2;2;3;3;0;13;0;0;3;10;0;23;3;4;30;25;0;7;17;20;1;0;2;2;1;1;0;3;1;0;0;3;0;
1;1;1;1;1;1;1;3;29;3;2;21;13;3;1;2;1;0;3;0;7;2;0;25;16;4;
0;0;0;0;9;26;0;2;
8;1;0;3;3;1;30;19;0;0;2;1;0;0;0;12;15;1;18;24;0;0;2;0;4;0;2;
3;3;3;3;3;3;0;15;6;1;29;0;3;21;24;2;3;27;0;1;3;17;10;3;3;8;0;0;2;0;0;3;
28;7;14;3;17;1;0;25;0;0;3;1;3;3;0;23;3;0;5;0;20;0;10;1;0;0;
1;1;2;3;2;1;2;18;3;3;22;15;28;3;0;0;0;1;12;
0;10;0;0;0;0;30;9;25;
0;0;5;30;23;0;14;2;18;2;0;0;3;2;2;2;3;0;3;1;1;0;0;0;
1;2;2;3;3;3;3;1;1;5;26;3;3;0;0;28;0;
1;1;2;3;3;3;23;28;26;1;9;0;2;2;0;11;0;
0;10;0;19;29;0;17;1;3;
25;0;13;1;0;0;10;16;0;0;0;2;0;22;9;3;19;0;0;1;1;0;30;6;3;2;0;2;0;0;1;1;3;1;3;1;0;0;2;2;
0;6;0;24;0;18;12;27;7;
25;16;0;0;5;0;3;29;0;0;
14;0;26;1;1;3;3;3;3;3;3;5;0;24;0;0;0;2;7;29;18;
0;1;1;2;3;3;3;3;2;23;20;0;6;1;1;
0;1;1;2;3;3;3;3;4;0;0;2;29;3;3;0;25;22;13;
28;0;0;0;2;3;0;2;0;
4;14;0;3;3;0;0;16;1;26;12;8;
2;0;15;1;0;0;2;21;3;0;2;1;0;3;0;0;1;7;0;1;1;25;0;28;0;0;0;0;
29;0;1;2;0;0;2;14;1;3;18;0;0;8;0;5;1;1;
14;2;1;0;7;18;1;0;5;11;27;1;2;3;0;1;1;0;2;0;0;0;2;21;3;2;0;22;0;30;0;
20;0;0;10;15;0;0;0;0;2;0;0;1;26;
2;2;2;3;3;0;2;0;2;
14;10;0;5;1;0;0;24;21;0;0;25;
14;1;26;0;7;16;2;1;0;1;0;2;0;3;2;3;2;21;0;2;0;2;10;29;0;2;0;22;5;0;3;0;0;
1;3;3;3;26;10;2;1;20;5;17;2;28;7;0;24;1;13;0;0;0;2;1;0;0;0;0;
0;6;0;26;1;23;3;3;2;19;0;3;1;0;1;3;2;12;0;0;2;0;0;
14;2;3;1;0;0;0;2;2;3;1;
2;2;3;3;3;3;4;7;12;0;3;3;0;
19;2;2;0;0;3;7;18;
0;0;2;0;0;0;19;22;
1;1;1;2;2;2;2;3;19;0;0;0;0;
30;0;25;1;14;0;4;9;19;16;11;24;2;3;2;3;0;0;0;3;1;0;3;3;0;0;3;3;1;1;2;1;1;0;0;0;0;
0;4;0;14;1;0;1;0;0;0;29;7;20;27;0;16;10;3;0;1;24;0;3;1;2;0;0;2;0;0;0;0;0;0;0;0;
0;14;0;3;29;3;5;0;0;0;2;1;0;2;1;0;0;3;0;0;23;0;
1;1;2;2;2;3;0;0;22;30;3;26;6;1;18;0;13;8;10;3;0;21;0;0;0;0;0;
3;14;2;1;0;26;0;11;0;0;21;17;
10;3;3;3;3;3;3;1;14;0;0;0;0;0;29;3;
21;0;2;3;0;1;0;3;22;3;
27;1;18;7;19;3;3;22;3;1;2;3;0;0;15;0;28;12;
1;1;2;3;3;3;3;6;10;28;7;2;13;1;0;0;0;17;20;
12;29;1;1;2;3;3;3;0;19;1;3;0;0;0;6;2;2;3;9;27;13;0;2;1;3;16;3;0;24;3;
1;2;2;2;2;2;4;14;1;29;0;10;1;0;1;3;3;23;0;0;0;2;3;26;0;17;2;
26;8;2;0;0;0;1;3;0;2;14;0;0;0;11;1;1;0;19;30;0;1;3;0;5;0;22;1;0;
22;1;16;2;2;2;3;3;3;30;0;0;3;2;
1;2;2;2;2;2;2;2;11;16;1;0;15;0;2;
1;1;2;2;3;0;1;0;0;1;3;22;1;18;1;0;0;2;13;30;1;2;6;0;0;0;0;0;19;2;2;7;2;1;0;1;
0;1;2;2;2;2;3;3;3;2;10;0;0;0;
0;23;0;7;2;0;28;1;0;3;16;2;2;21;3;0;2;10;26;6;0;15;1;0;3;0;1;0;1;0;1;0;2;3;0;0;0;0;
20;0;18;3;28;3;8;2;0;0;13;5;26;3;12;24;1;0;0;0;1;1;2;1;0;0;2;0;0;0;0;
3;3;1;9;3;0;4;2;0;2;0;0;15;0;0;0;3;0;
0;3;0;14;8;11;21;5;28;
0;3;23;0;0;25;20;9;12;0;1;0;0;1;0;1;18;3;30;0;14;5;0;0;1;1;0;0;0;0;0;0;2;2;0;0;0;2;3;
17;23;0;0;0;1;30;2;0;0;2;1;2;1;4;0;11;3;19;2;13;2;2;3;0;3;0;27;1;0;2;0;0;
9;24;14;2;0;2;3;3;3;3;3;5;0;0;0;19;0;
0;0;1;1;1;3;19;2;2;9;16;0;2;5;1;3;2;29;22;1;3;0;1;2;1;0;0;15;
11;6;0;0;0;0;0;0;21;22;
18;0;3;0;28;15;4;0;24;2;1;0;0;7;0;0;0;0;1;2;0;11;3;0;2;20;26;0;3;2;0;3;1;
28;18;7;6;0;21;2;0;3;2;3;0;2;0;0;14;27;
30;1;0;0;1;1;1;0;2;0;11;15;3;3;2;0;4;18;1;
9;1;2;3;3;3;3;3;0;0;28;2;21;1;
30;17;10;0;1;1;1;0;23;9;25;0;3;0;13;0;0;6;3;20;0;2;3;2;0;0;0;2;0;2;0;3;
23;1;8;0;0;6;2;1;3;26;0;29;0;2;1;11;3;3;19;13;16;0;0;2;3;2;0;0;2;
0;9;10;0;0;6;20;2;0;2;29;27;0;1;0;14;2;1;1;23;0;3;17;3;2;0;2;0;1;3;
3;3;1;0;7;0;11;22;0;6;
1;1;1;1;1;3;3;3;0;28;0;0;1;2;0;3;1;1;0;
1;1;1;1;1;3;2;0;3;0;3;2;0;18;15;
19;3;0;3;28;3;0;3;2;2;0;0;27;0;0;9;14;0;12;5;17;1;22;0;2;1;1;1;2;0;0;3;
0;1;0;0;2;11;2;16;2;0;0;29;3;14;27;24;0;6;0;2;2;0;0;3;0;9;3;0;3;2;0;0;3;2;
0;0;21;1;16;1;7;0;26;3;0;22;0;0;0;0;0;3;0;0;30;10;1;0;6;2;3;13;1;2;1;0;1;0;3;
0;10;3;0;23;1;1;1;3;3;2;19;0;2;0;0;29;26;
10;0;0;2;1;0;3;27;16;2;0;24;6;0;0;2;14;28;1;0;0;9;2;20;0;3;0;1;2;
3;13;0;2;8;3;27;0;2;3;21;0;3;3;3;2;3;1;4;2;16;3;3;12;3;29;23;3;2;0;0;0;
9;29;0;0;19;4;3;0;3;0;1;0;2;1;0;3;0;0;22;3;14;10;2;0;18;2;2;
1;1;1;2;2;0;10;1;25;4;0;0;0;0;
30;0;0;0;0;22;16;26;3;10;3;0;14;1;0;4;2;0;7;19;2;0;3;2;2;2;3;0;0;2;0;0;0;3;1;
18;26;0;7;2;1;3;22;1;0;0;2;0;0;3;30;3;0;2;21;14;10;3;3;1;6;3;0;1;1;0;
1;1;1;2;3;3;3;4;22;0;0;19;3;0;1;0;0;0;1;2;0;
0;21;0;2;0;2;3;0;22;3;2;2;0;2;17;0;27;0;1;29;1;7;11;6;2;14;2;0;3;0;3;
0;26;14;7;3;5;23;0;3;21;18;0;12;30;2;0;0;0;0;1;1;0;0;0;0;0;0;0;
0;0;3;0;5;0;0;1;
1;3;3;3;3;4;1;0;28;0;0;10;0;3;
0;24;0;3;14;2;20;0;0;0;16;2;0;27;0;5;12;1;3;0;0;1;0;29;3;0;0;0;1;
0;4;23;1;0;0;2;29;25;0;0;
1;1;1;1;1;28;2;2;5;7;16;15;2;0;0;0;1;26;0;0;3;3;0;10;1;20;0;1;0;2;22;0;0;3;2;0;0;2;0;
10;1;25;0;13;0;9;0;1;0;0;0;2;24;28;17;1;1;0;0;4;3;2;21;1;3;1;2;0;2;0;0;0;0;
0;25;12;1;0;0;4;19;3;8;0;
0;3;3;0;15;19;7;3;0;5;0;10;0;17;26;2;22;29;0;2;1;0;0;1;3;0;3;0;0;0;2;0;
5;21;16;27;10;2;1;1;0;3;9;3;3;0;15;2;1;28;23;1;0;1;0;3;0;0;1;2;
0;0;2;25;3;3;18;9;0;3;1;0;19;12;0;15;1;
1;2;3;3;27;3;9;3;18;24;0;4;1;1;19;11;29;3;14;3;0;0;3;3;3;0;3;0;0;2;0;
25;0;1;1;1;2;2;3;3;3;0;13;3;0;0;0;0;
1;1;1;3;3;3;3;28;5;27;1;17;2;15;24;11;19;2;1;2;9;0;1;3;1;
0;27;23;2;3;0;0;0;3;0;16;2;9;0;29;1;21;0;5;1;14;0;3;3;1;1;12;3;0;0;2;3;
11;16;29;0;21;3;2;3;5;27;22;2;9;1;0;15;2;3;1;2;0;3;2;
28;1;0;1;0;0;22;0;5;12;0;2;0;20;1;0;14;7;2;0;25;0;17;0;0;1;3;2;1;3;0;1;0;3;2;0;2;2;
3;3;3;3;3;3;18;1;2;20;0;0;0;27;1;2;
8;14;0;0;16;0;6;1;2;2;0;0;24;0;0;27;3;1;10;20;29;2;0;0;3;3;0;3;0;3;0;3;1;1;
1;1;1;1;2;0;0;2;0;0;3;13;
1;1;3;3;27;30;0;3;0;3;2;3;14;
0;0;5;2;0;1;24;1;3;0;25;0;1;0;1;0;0;13;3;2;0;28;0;0;1;2;
7;15;0;0;0;10;23;27;3;2;6;19;1;28;0;18;2;0;1;2;0;1;2;2;0;2;0;0;3;2;1;1;3;0;3;
0;19;1;2;2;2;3;0;14;5;3;0;29;0;26;2;16;0;9;12;3;2;22;0;0;0;1;0;0;2;3;0;3;0;
14;1;1;1;1;1;3;3;1;1;2;3;0;5;0;0;18;10;27;19;1;3;0;0;3;0;30;0;
0;0;2;3;4;0;0;0;
0;1;3;15;5;0;2;0;22;3;2;0;1;1;20;1;17;28;3;2;0;10;0;0;2;0;0;0;0;
0;1;26;0;30;24;18;3;1;0;9;10;1;0;1;3;3;14;0;0;2;0;20;0;0;6;0;0;2;0;
17;1;1;2;3;3;3;3;0;2;0;28;0;0;20;24;
2;2;2;2;2;2;3;16;15;2;2;3;1;11;0;5;1;28;23;0;2;3;7;0;0;20;
0;0;2;2;3;3;25;16;22;14;6;0;3;2;19;1;0;0;7;2;3;0;1;0;0;3;0;
0;22;0;28;5;2;1;8;1;2;1;3;3;0;0;3;2;14;0;10;1;0;0;0;3;
0;30;7;4;16;0;0;1;0;19;15;3;24;1;2;2;1;0;10;0;0;0;3;1;2;0;27;0;0;
1;1;1;1;1;0;7;28;6;0;0;1;2;1;3;20;1;0;3;15;22;0;2;0;16;3;0;2;1;3;0;3;0;1;
1;3;0;0;0;23;27;11;17;0;
3;3;3;22;0;0;10;2;29;25;3;
10;1;3;0;3;2;2;0;0;0;3;17;
3;3;3;3;3;3;3;11;0;0;2;3;7;3;0;
0;1;1;1;1;1;1;1;1;27;0;1;14;10;3;1;0;30;22;0;1;0;2;0;0;16;7;0;19;2;0;0;3;3;
0;3;0;28;3;1;3;1;2;
30;22;3;1;0;20;14;2;25;3;2;2;16;12;9;5;0;1;0;0;0;0;0;2;0;1;0;
0;16;1;0;0;21;29;13;9;24;
0;3;0;15;28;0;0;0;18;
1;1;3;3;3;1;12;0;0;13;3;2;3;8;
17;1;5;0;1;0;19;0;13;23;1;0;0;3;7;2;30;2;1;3;0;3;0;25;2;0;10;0;0;3;0;
22;27;0;3;1;18;3;0;3;0;5;0;1;2;11;2;15;21;0;0;29;0;
0;0;0;0;0;1;2;1;
0;19;2;0;0;0;24;3;0;
16;3;2;26;2;6;0;20;8;0;29;0;13;3;0;10;1;22;2;0;3;3;2;
1;2;4;0;29;2;2;3;3;3;3;3;3;26;2;0;0;0;22;
20;17;2;1;11;28;22;7;0;3;3;2;2;3;25;13;0;0;4;0;0;2;3;
0;0;0;3;2;3;0;26;0;0;2;10;
23;5;0;1;3;3;3;30;1;2;0;2;0;0;20;0;
1;1;2;2;2;2;3;0;0;21;0;
13;0;1;0;0;8;2;29;17;0;
21;11;22;0;15;0;1;2;25;2;3;2;0;0;7;0;0;1;3;0;0;0;2;28;1;16;3;0;5;3;1;0;0;1;
0;0;0;17;27;1;14;0;0;23;0;3;11;1;0;0;7;0;0;6;30;3;19;0;0;0;1;0;3;3;1;0;3;0;2;2;0;0;
16;3;0;0;0;0;14;11;3;25;21;0;1;0;1;
0;3;19;30;2;4;1;10;0;3;3;0;14;3;2;0;1;0;0;22;1;0;0;0;1;0;
16;0;7;30;1;21;3;3;1;11;0;0;0;1;2;2;25;3;3;23;0;15;3;5;0;1;0;1;1;0;2;3;2;
0;2;2;2;21;0;5;3;3;26;0;3;28;0;0;0;0;16;0;9;23;0;3;10;0;0;15;1;2;3;0;0;3;
0;6;0;2;2;1;2;9;0;
30;0;0;2;7;2;24;3;1;1;0;0;19;18;3;6;3;0;0;27;12;2;14;3;0;0;0;2;0;0;3;
1;1;1;2;3;3;3;3;0;10;0;3;0;1;
26;0;0;12;15;0;18;4;0;21;9;23;3;0;29;2;1;0;2;0;3;0;1;0;0;1;2;2;3;2;2;0;3;0;0;0;
2;3;0;9;6;15;0;2;0;0;22;0;1;20;18;26;29;0;2;0;0;12;0;0;3;3;0;0;1;0;
0;2;2;2;2;4;21;0;10;0;3;2;22;2;0;3;2;1;25;2;3;3;17;13;29;3;1;2;9;2;2;0;0;
3;7;3;1;13;1;1;28;0;0;20;5;0;1;26;16;2;0;11;1;0;23;0;2;1;0;
21;2;2;15;1;4;26;2;24;0;8;0;29;0;18;10;0;1;3;0;2;0;0;1;2;
0;3;0;0;8;0;26;2;0;
4;2;0;15;0;2;21;0;30;3;
27;19;0;0;0;3;12;0;22;3;3;14;17;0;0;30;1;7;4;1;1;0;0;1;0;0;2;0;3;
0;22;0;2;2;2;2;3;2;2;0;0;3;0;8;0;2;28;0;0;12;3;1;17;0;1;27;1;0;15;
16;3;0;2;0;8;24;3;0;3;0;3;0;4;3;10;0;2;2;0;25;29;2;0;15;0;1;0;0;1;
9;12;29;0;3;0;20;0;2;1;1;23;3;13;1;26;2;0;2;2;0;1;16;3;6;3;2;1;3;1;2;0;1;3;
5;1;2;2;2;2;2;3;7;15;1;3;3;3;3;3;1;3;0;3;2;
0;19;6;0;3;0;0;0;1;3;0;24;3;28;1;0;1;0;25;0;0;0;0;3;9;0;2;0;12;0;15;17;0;2;0;0;0;3;0;
1;1;1;2;3;3;4;2;2;3;3;3;3;3;3;9;0;1;0;23;
1;1;1;1;1;2;2;22;15;0;1;1;1;3;3;3;3;0;3;3;26;16;0;3;0;7;4;0;
15;23;4;19;0;1;26;3;12;30;3;2;8;18;0;2;0;0;1;0;2;0;0;1;1;0;1;2;0;0;0;0;0;0;0;0;
25;21;1;2;2;2;3;4;3;15;30;24;1;3;1;0;11;0;7;2;0;0;0;1;3;17;0;0;1;2;0;0;2;
5;0;0;12;27;0;16;29;1;7;13;1;3;1;22;0;0;3;19;1;1;0;3;0;3;0;3;0;0;0;2;3;
2;2;2;3;3;3;3;4;13;3;0;0;0;2;1;
0;30;0;20;0;0;16;0;22;26;3;0;1;2;3;4;14;7;10;0;0;0;1;0;1;2;0;3;2;0;0;0;3;1;0;2;1;1;
1;2;3;3;3;3;15;25;1;17;5;12;0;2;0;2;2;22;3;0;9;0;
8;16;3;1;3;2;20;0;15;23;5;0;0;
0;17;27;1;6;11;0;1;0;2;19;23;3;3;0;7;0;3;0;3;
1;2;2;3;0;26;0;3;29;8;0;0;0;3;1;0;13;0;0;
17;15;0;1;0;2;1;0;0;11;0;9;30;0;4;2;0;25;3;0;2;20;0;
0;15;25;8;3;1;21;3;0;6;10;3;3;23;16;30;0;0;0;0;1;3;0;2;
30;0;18;1;2;2;2;3;3;3;1;0;0;0;23;
13;0;0;6;1;3;25;0;22;0;16;8;10;1;28;19;0;1;2;0;0;0;2;0;0;3;3;3;0;0;3;2;
30;0;1;19;0;0;0;1;0;3;0;0;0;0;0;3;1;3;2;1;
1;1;1;2;2;2;2;2;2;16;5;20;0;3;0;9;0;0;3;11;3;22;0;27;29;0;14;1;3;2;3;2;2;0;1;
0;2;3;8;1;6;26;2;3;2;0;1;17;19;
30;3;3;11;0;1;24;0;0;0;0;
0;0;0;6;1;19;2;12;
17;1;1;1;1;3;3;0;0;0;0;29;5;0;3;
0;7;1;2;2;26;18;0;0;6;3;0;1;3;0;29;3;3;0;0;1;23;
20;30;18;10;7;0;3;0;1;0;2;3;14;25;24;5;1;1;0;1;0;1;3;2;0;2;0;3;
30;1;2;2;2;0;25;0;0;2;2;2;2;2;2;2;3;1;3;0;0;8;3;17;15;0;23;2;0;0;3;1;0;0;
0;0;0;16;2;0;1;15;
2;2;3;3;3;3;3;1;5;0;27;2;0;0;20;3;3;2;30;2;0;3;0;23;1;0;3;0;
19;14;0;3;0;2;0;2;0;2;30;26;8;5;0;24;2;2;12;1;0;0;17;1;0;2;0;2;3;0;0;3;0;0;0;
11;17;3;2;3;21;0;26;2;1;1;3;24;1;29;2;3;15;2;3;0;9;0;3;1;
1;1;1;2;2;2;2;4;17;0;8;2;12;2;22;2;0;1;14;0;19;
20;1;5;0;0;3;14;22;0;3;0;2;8;18;3;1;28;3;2;0;3;1;2;2;3;11;2;27;1;3;1;0;0;1;
30;9;18;13;20;1;3;0;12;3;2;1;26;0;2;0;5;0;2;0;1;0;3;3;0;0;0;24;0;
0;0;0;10;3;2;0;0;1;0;0;2;13;
10;1;2;2;2;2;3;0;17;3;22;19;0;0;3;25;2;28;3;6;15;1;1;9;0;3;1;0;0;3;
1;2;4;26;0;29;0;2;12;0;3;0;
26;18;0;0;0;0;0;13;6;8;
9;0;2;0;2;22;2;0;2;
1;25;3;0;0;2;23;3;0;0;0;28;10;16;
0;27;0;3;2;30;21;3;16;3;3;5;8;10;1;0;14;0;0;0;24;
23;0;2;0;4;8;0;27;0;0;2;3;0;17;10;3;2;1;0;0;0;21;28;1;3;15;0;1;2;0;0;1;1;0;0;3;
0;25;1;1;1;1;2;2;2;3;14;2;1;22;3;1;0;0;3;1;
1;1;2;2;3;3;13;0;1;6;0;3;2;0;24;26;0;30;1;0;1;19;1;0;0;11;1;
8;30;18;1;0;2;2;22;25;3;14;3;0;4;0;12;1;21;
5;3;10;9;14;22;1;2;0;0;30;0;0;1;0;0;0;27;0;0;3;2;
9;0;4;22;1;2;2;2;3;3;3;3;0;1;0;28;0;0;0;16;
0;26;1;2;2;0;2;0;0;
0;3;3;0;24;3;26;2;0;3;
0;2;16;2;9;15;1;12;3;2;26;28;6;0;0;0;2;3;2;20;22;3;2;0;0;1;
0;25;2;16;0;1;23;0;20;0;0;5;8;0;0;12;1;0;29;0;14;0;0;0;3;2;1;2;3;1;3;0;1;3;1;1;0;0;2;2;
0;5;3;0;2;0;10;0;3;29;3;18;0;24;0;21;14;27;2;3;0;9;2;3;0;0;0;1;0;0;2;1;0;0;0;
0;0;26;0;3;7;30;17;
0;0;3;3;25;1;12;6;21;1;2;15;1;22;0;0;0;2;0;0;18;2;0;3;2;3;0;3;0;30;0;
1;2;2;2;2;2;3;0;28;12;0;3;16;13;20;2;26;0;3;0;3;3;9;0;4;22;0;0;1;0;0;0;0;2;
1;1;1;1;3;12;0;28;0;2;3;13;0;0;25;0;2;16;3;0;5;3;0;23;19;7;
0;0;5;3;1;1;0;1;
8;0;2;0;2;3;0;20;2;
0;0;13;0;3;0;23;3;0;1;3;0;12;0;27;0;5;0;3;0;8;1;1;2;0;18;0;21;0;0;
7;21;0;1;24;11;6;0;1;0;2;0;14;29;
1;1;2;3;3;3;3;3;0;0;1;0;1;3;
28;3;0;0;8;0;0;0;2;0;
1;1;1;1;2;2;3;3;0;0;0;0;
2;2;2;2;3;3;4;3;3;3;3;3;0;0;29;16;7;1;26;2;2;0;10;3;0;3;3;19;22;13;2;3;2;0;2;
0;1;4;0;0;3;25;19;3;2;0;0;8;16;29;2;1;3;15;10;0;0;22;0;1;0;3;
0;6;24;3;3;3;3;16;30;10;26;7;3;0;13;3;0;19;1;0;1;3;0;0;0;0;0;2;0;
2;2;2;2;2;2;2;3;7;1;1;3;0;2;0;0;0;24;0;19;
0;18;1;0;24;0;3;3;0;0;2;10;27;0;0;0;1;2;2;3;0;14;20;2;8;29;1;3;1;3;1;2;0;0;1;2;
18;0;12;24;26;2;6;15;1;20;1;8;0;0;29;3;2;3;3;0;0;3;2;0;0;1;2;0;0;3;
27;1;2;16;14;12;2;21;4;1;23;3;9;29;2;1;0;1;0;1;0;0;3;0;0;0;0;2;1;3;0;3;3;
28;0;0;2;3;1;16;0;0;23;2;3;3;0;0;0;20;
0;1;2;2;1;24;2;3;10;8;2;3;2;0;21;28;27;0;1;17;13;0;0;2;4;0;3;0;2;0;0;
0;20;0;23;27;0;0;1;11;
2;10;16;2;13;27;22;0;1;2;0;3;0;28;0;0;1;3;7;0;2;0;0;
11;0;3;3;3;26;3;2;1;0;2;1;0;29;0;1;
1;1;1;1;2;2;2;3;27;3;0;7;17;2;0;0;0;
0;1;1;25;3;1;0;20;0;2;0;24;16;12;3;5;0;2;15;0;0;1;3;
0;0;1;0;0;28;0;0;0;1;3;11;3;0;1;3;14;1;2;3;3;19;4;3;2;3;7;0;0;2;0;
2;2;2;2;3;3;3;3;3;0;0;0;12;
3;0;0;1;2;2;3;3;4;8;0;0;0;0;0;
26;0;1;0;10;18;0;2;9;1;4;0;1;0;29;15;21;0;22;0;0;2;3;0;1;3;1;0;3;0;0;
0;26;3;1;13;3;0;3;0;2;2;0;16;2;0;2;0;19;0;1;0;12;0;3;1;22;0;0;0;
0;0;14;29;12;0;0;3;17;9;1;25;0;5;21;3;1;1;3;23;0;0;0;2;0;2;0;2;2;0;0;3;1;2;0;0;1;
2;2;2;2;2;2;0;1;29;3;3;0;7;0;
29;7;0;2;2;0;1;0;0;
13;1;2;2;3;3;3;3;3;0;0;2;0;0;0;0;
0;0;0;0;2;19;0;0;
2;2;2;2;2;3;3;0;0;0;25;28;15;0;3;0;2;23;21;1;2;5;10;17;9;0;0;2;
3;3;0;20;0;6;16;2;0;3;0;2;2;0;29;0;0;26;0;0;13;12;
18;0;10;0;0;4;9;1;27;0;1;1;0;3;13;20;1;1;0;0;1;3;0;30;1;3;24;0;3;1;2;0;1;3;2;3;3;
12;16;6;3;3;3;0;20;1;0;3;0;0;1;3;14;30;23;
30;4;8;1;1;2;2;2;3;3;3;2;27;0;0;0;0;
0;1;0;0;0;0;0;0;2;
1;2;2;3;4;2;20;10;0;18;1;24;26;3;13;0;0;1;0;7;2;0;0;0;3;2;
30;0;0;0;15;19;11;24;8;3;1;3;6;0;18;2;2;26;3;0;3;0;1;1;2;0;0;2;0;0;0;3;
0;1;2;3;3;2;0;15;30;24;
1;3;3;3;3;29;0;2;0;0;16;1;0;1;
26;1;1;1;2;0;2;3;3;3;0;13;9;30;2;23;16;21;0;2;10;0;5;1;2;0;0;1;2;0;2;2;1;0;3;
1;2;2;2;2;0;2;25;0;29;3;1;18;19;3;0;0;3;2;2;1;13;2;0;4;0;0;
0;0;0;14;2;29;0;2;
2;2;2;3;3;3;19;5;10;24;0;1;26;0;9;3;0;0;18;0;
2;2;2;2;2;3;3;3;0;3;2;23;0;0;2;
1;1;2;3;3;3;3;13;0;2;22;16;0;0;
0;8;3;0;1;10;0;0;0;30;2;0;3;0;19;1;2;13;0;0;2;0;0;0;2;3;
29;0;3;21;0;5;26;0;12;0;0;0;1;18;3;3;0;0;3;0;8;15;1;24;0;2;3;0;0;3;2;0;3;
16;3;0;0;0;3;0;0;28;0;
7;1;18;0;1;1;3;1;3;29;12;0;14;1;22;19;0;5;2;0;0;0;2;3;27;0;3;1;0;
0;3;22;2;15;4;25;0;2;16;0;3;21;
30;20;0;9;0;3;16;1;25;0;14;23;6;12;3;1;3;2;2;1;0;3;3;0;3;2;1;
0;3;11;30;3;8;0;1;5;0;0;14;0;25;1;0;2;2;0;16;22;1;19;0;3;1;3;0;0;0;1;
0;3;3;2;0;16;0;13;25;1;3;9;0;19;6;1;3;3;2;0;0;1;0;29;0;2;
13;17;28;3;0;0;9;1;2;21;2;2;0;0;0;10;4;2;2;2;25;3;0;3;22;3;1;1;0;2;3;
0;29;27;3;17;3;6;3;8;1;1;0;12;2;0;3;0;0;0;2;13;0;
1;1;14;0;1;3;0;3;3;0;1;0;2;30;0;0;2;0;
0;30;2;2;0;4;25;2;
7;15;0;0;2;2;0;24;0;0;
15;1;1;2;2;2;3;0;2;2;0;18;1;3;0;0;23;2;3;9;2;3;25;0;0;
22;10;0;0;2;0;0;3;0;2;
22;0;1;2;2;2;2;2;2;2;0;2;3;3;0;0;3;
10;1;2;2;2;2;27;2;3;3;3;3;3;2;0;7;0;
0;2;2;3;3;3;3;0;12;0;14;
15;0;16;12;24;1;3;3;0;1;0;27;0;0;1;2;0;3;2;3;0;0;2;0;
0;0;8;24;0;3;1;3;1;27;1;3;19;18;0;1;2;0;1;13;3;
0;1;2;3;3;1;30;1;1;12;23;0;3;3;0;0;17;0;7;0;15;3;0;0;3;1;19;2;
20;27;23;30;15;17;2;2;5;7;0;12;1;1;0;0;0;1;0;3;0;3;1;0;1;1;0;0;0;0;
1;1;1;1;1;3;2;2;29;10;3;2;0;26;1;3;2;2;0;3;3;0;1;1;2;21;0;0;0;0;
7;12;3;0;3;3;1;21;0;2;1;25;30;3;0;2;15;0;3;1;0;
22;0;1;2;2;2;3;3;3;0;2;2;2;3;0;0;1;0;0;1;
1;1;1;1;1;3;3;3;0;3;0;0;2;0;0;1;2;
16;0;1;1;1;1;3;11;1;1;0;0;30;0;0;0;25;0;9;3;23;21;2;14;0;0;3;0;4;2;0;0;0;1;0;
0;0;0;17;3;19;0;30;2;23;0;1;3;1;2;0;2;4;0;0;9;3;3;2;0;10;2;0;1;0;14;3;2;26;2;2;3;1;0;0;
1;1;1;3;3;3;3;23;13;0;3;0;0;0;0;21;
1;1;1;1;1;3;0;30;1;0;0;10;0;4;1;3;0;13;1;0;18;0;9;21;3;0;0;3;
14;28;6;2;3;0;1;0;7;19;18;10;25;2;2;22;0;0;1;0;0;1;0;3;1;2;2;3;0;0;2;2;0;0;
1;2;2;3;3;0;2;6;3;3;7;1;0;1;3;18;
0;0;1;3;1;13;0;0;
0;2;0;30;0;16;19;0;
0;0;2;0;0;25;3;3;
0;0;0;0;19;0;0;0;
1;1;1;1;1;3;3;0;3;28;6;27;0;0;0;2;7;0;22;3;0;1;3;16;15;0;2;12;20;2;3;
13;0;1;1;2;3;4;1;1;2;2;2;3;3;0;0;0;
0;7;0;0;0;3;3;0;1;
27;0;0;8;0;1;3;1;3;1;0;5;0;0;0;0;13;18;0;30;12;2;21;0;2;
0;3;0;0;0;1;0;0;2;11;16;3;0;1;2;0;0;4;0;3;25;19;7;15;1;3;0;3;0;0;30;24;3;
2;2;2;2;2;2;14;18;0;0;3;2;0;3;6;0;0;1;1;30;2;0;3;0;0;
10;27;3;0;2;1;0;29;0;3;18;3;5;0;0;1;0;23;15;
28;0;1;3;0;21;1;17;13;1;1;
30;0;0;25;1;2;2;9;23;2;4;3;0;0;20;16;11;0;1;0;15;0;2;2;0;2;0;2;0;2;
1;1;1;2;2;2;0;22;0;2;2;0;
28;1;2;2;2;2;2;3;3;7;2;3;18;5;0;22;0;0;27;12;14;0;19;1;3;3;0;2;0;2;
0;0;4;3;29;26;0;3;3;1;20;3;2;3;0;0;2;0;0;0;3;1;14;3;0;1;3;12;
23;0;0;0;0;11;0;19;0;
30;0;3;1;11;18;19;15;8;26;24;0;4;0;3;1;0;3;0;1;0;0;2;0;0;0;0;2;0;0;0;2;
0;3;0;1;5;28;21;0;24;0;0;3;0;18;0;0;27;11;1;8;15;0;0;1;0;1;0;2;1;2;0;3;1;1;0;0;0;0;
9;0;3;16;0;1;0;2;12;2;0;
1;1;1;1;3;3;19;1;2;2;0;16;0;0;5;0;0;13;3;
4;3;11;8;0;25;1;3;29;1;0;3;19;16;0;23;0;3;13;0;2;
0;24;0;27;0;0;20;0;1;2;30;13;0;0;3;0;8;3;2;
0;3;4;3;2;3;3;0;0;2;0;0;0;
1;2;3;3;3;0;29;0;0;7;19;
0;0;0;2;0;0;0;8;
30;2;2;3;3;3;3;3;27;1;9;1;24;10;1;6;0;0;1;0;
2;3;4;1;2;2;2;3;3;3;3;3;2;2;15;26;24;0;7;2;28;3;2;0;0;
19;1;1;1;2;3;3;3;3;0;0;5;0;25;3;
0;22;26;0;1;0;9;18;1;0;
0;5;26;17;0;2;20;0;2;14;1;3;7;0;1;3;0;10;0;23;28;0;3;0;0;0;1;
12;1;1;1;3;3;3;21;3;0;2;23;1;7;4;25;
0;0;1;7;0;3;25;0;3;20;2;17;2;1;2;0;0;12;14;4;0;3;2;29;
0;9;10;2;3;23;2;1;1;6;1;15;30;20;1;2;26;2;0;3;2;2;1;18;3;0;0;0;1;
0;0;11;3;27;1;3;29;
0;3;2;3;17;3;1;29;4;3;0;3;1;0;22;12;0;8;3;
4;2;2;2;2;2;3;1;3;2;1;0;2;3;23;3;28;18;0;13;
17;0;2;4;0;26;3;0;1;2;3;1;0;2;0;20;0;8;
25;20;2;2;3;0;0;0;24;3;0;0;7;28;
30;23;0;2;0;5;3;3;26;7;19;0;13;0;0;3;0;0;10;0;2;2;17;0;1;1;2;0;0;0;3;2;3;0;0;2;1;0;1;2;
2;4;3;3;3;3;3;7;10;1;0;2;2;0;1;17;0;3;2;3;0;3;13;0;1;22;
0;2;24;0;17;8;3;10;0;
0;0;3;0;26;18;1;0;4;15;0;1;0;0;2;1;3;0;0;3;1;8;1;0;10;0;0;28;1;20;22;1;2;0;0;0;2;
1;1;3;3;3;3;3;3;2;19;0;0;3;8;0;11;27;0;2;6;
0;15;2;3;3;3;3;3;0;0;1;0;2;0;
1;2;2;2;2;2;3;22;0;19;2;29;1;0;2;1;15;0;0;0;1;0;25;0;1;7;3;1;11;0;1;6;3;3;2;0;2;
1;1;1;1;2;2;3;3;0;3;2;2;
0;0;0;1;0;0;3;0;
0;0;28;0;3;0;0;9;25;17;2;3;2;3;2;0;0;1;2;3;14;0;1;0;0;1;2;5;24;0;1;2;11;19;0;2;0;
1;2;2;2;4;7;2;3;0;10;2;16;3;3;0;0;0;14;
1;1;1;2;3;3;4;18;0;0;14;0;19;1;0;0;3;0;0;1;0;0;8;1;
1;2;2;2;2;19;0;16;0;3;0;
1;1;1;2;2;0;0;1;0;0;
1;1;1;29;3;0;16;14;23;27;0;2;2;7;3;20;0;3;2;3;12;0;0;0;4;1;
18;19;2;1;0;15;0;1;9;0;5;30;22;0;25;0;12;0;0;0;0;3;0;3;0;0;0;2;2;0;0;1;0;
0;14;18;0;10;1;3;2;0;7;3;4;1;23;3;0;0;1;21;3;0;0;0;30;0;2;26;0;0;0;2;
0;14;0;1;0;0;0;2;0;
0;0;2;1;0;2;0;2;
0;3;0;15;0;0;9;0;16;5;28;20;1;1;2;10;1;3;27;22;0;0;0;0;0;0;0;0;0;0;2;1;2;3;1;2;3;0;1;0;
1;1;1;2;2;2;2;5;3;3;2;25;17;3;21;0;0;8;12;
30;11;13;0;18;3;27;3;3;3;1;22;3;0;0;3;0;2;21;0;
0;22;12;1;3;2;0;0;7;5;0;0;0;15;21;1;3;0;3;16;0;26;0;0;2;0;1;0;0;0;0;0;
0;1;0;1;0;9;2;0;4;
0;1;1;1;3;11;21;4;2;18;29;2;0;0;3;0;0;0;22;3;26;0;3;0;1;0;0;2;0;
1;2;2;3;3;3;3;3;4;3;0;7;1;14;
1;1;1;1;1;3;4;0;0;3;23;2;1;3;0;2;16;2;10;30;0;1;1;2;21;7;26;0;3;0;
1;1;3;3;3;4;0;22;0;0;2;8;2;1;28;
13;0;11;1;1;1;1;1;2;1;0;2;2;1;2;25;0;0;22;19;0;1;1;30;18;2;7;3;5;3;2;0;1;0;
1;2;2;2;2;2;2;0;0;1;0;
1;1;1;3;3;0;0;0;0;0;9;0;
0;3;2;1;0;0;1;17;22;3;
0;0;0;2;29;0;27;1;
1;2;0;0;0;0;14;0;2;
2;0;23;11;0;1;28;0;0;2;19;7;3;25;16;15;0;2;4;1;0;2;0;3;0;0;2;1;3;0;3;3;2;1;2;0;0;
16;10;0;3;0;3;27;20;1;1;2;6;0;0;0;0;0;2;0;14;22;
0;6;1;0;2;0;1;0;0;0;28;0;2;1;9;0;22;20;25;1;18;11;1;14;0;1;3;0;0;0;2;1;2;0;2;1;
1;3;24;2;29;0;0;0;13;12;5;1;0;0;0;8;20;0;0;0;2;2;0;18;0;0;2;3;27;3;1;2;2;0;2;0;
0;0;8;2;29;0;1;0;3;0;6;0;2;11;14;2;19;1;0;3;3;1;24;25;16;3;3;0;0;2;0;
1;1;2;2;2;2;8;17;26;2;5;28;3;3;3;12;0;3;3;2;2;21;1;15;3;0;0;
0;0;3;0;15;3;8;0;
22;5;0;1;28;0;3;0;14;21;16;0;9;1;2;25;0;0;10;0;0;2;3;1;0;0;3;3;0;0;0;2;0;1;0;0;3;0;
27;1;1;3;24;1;2;2;2;13;1;29;18;1;0;2;0;2;0;0;4;3;0;3;8;3;2;3;0;0;2;
2;2;2;3;3;3;1;21;1;2;0;5;0;25;10;0;24;0;0;2;7;0;13;18;0;30;1;0;1;2;0;0;0;0;
6;2;1;0;0;3;0;11;26;8;28;0;16;14;2;3;1;0;20;2;2;23;3;0;1;1;
1;1;1;1;3;3;30;0;0;9;2;0;0;0;0;5;1;
0;1;0;3;3;1;1;0;1;
0;2;0;0;3;14;0;20;30;2;0;1;2;0;23;12;7;1;1;3;27;0;0;0;0;0;2;3;5;18;2;0;0;0;3;
1;1;2;2;3;3;3;4;2;0;0;20;12;
2;4;0;7;0;1;0;1;1;1;3;0;0;2;0;23;16;2;1;1;3;19;3;0;0;15;30;
0;0;3;13;10;2;23;2;
1;1;2;3;3;3;0;1;25;0;21;3;0;0;1;0;11;0;
14;2;9;25;11;2;1;0;0;3;0;5;1;1;19;24;3;29;0;17;2;3;
16;1;1;1;2;3;3;3;3;8;2;3;25;4;1;10;13;0;0;2;3;
25;0;0;0;15;0;0;23;4;0;20;2;0;0;1;0;16;28;7;3;0;0;12;1;0;3;2;2;3;0;2;3;0;2;3;
1;3;3;0;2;2;7;0;20;18;
11;24;17;20;0;1;0;15;0;0;3;3;0;3;4;0;2;25;29;0;1;0;1;3;0;7;1;3;0;0;
0;14;0;0;0;2;0;0;0;1;22;25;
0;28;1;1;0;0;0;24;0;2;19;
0;22;0;1;0;0;13;0;1;
1;3;0;17;0;0;28;1;1;22;19;
0;0;0;26;6;11;0;18;0;2;0;0;28;1;0;3;21;1;0;9;24;0;13;3;1;0;2;0;1;2;0;3;2;2;2;
16;3;2;10;9;1;30;3;3;0;1;0;3;13;20;0;1;26;0;1;1;
27;0;0;0;2;0;0;2;28;10;0;22;1;6;0;8;1;18;13;3;1;2;3;2;21;0;2;0;0;0;3;0;3;0;
1;1;2;2;2;3;3;0;16;2;15;
1;1;1;3;3;3;3;4;22;0;1;0;0;10;1;0;19;14;0;
0;0;0;0;0;16;4;1;
0;3;0;3;22;1;13;2;2;0;25;18;0;3;1;29;19;3;3;8;2;2;0;0;2;10;6;0;0;1;
15;0;1;3;0;1;28;1;1;0;0;
1;1;1;3;3;3;3;0;0;0;0;3;27;5;
14;2;0;0;17;2;0;19;1;0;0;3;6;26;0;1;24;2;3;2;7;3;29;3;0;2;1;
1;1;3;3;8;0;0;0;0;2;2;29;0;
2;2;2;2;3;3;3;3;2;4;13;0;0;1;20;7;24;2;0;17;3;10;3;30;1;27;2;2;0;0;
0;4;0;24;0;21;1;0;28;2;15;3;0;3;0;8;0;26;12;18;1;0;0;3;0;2;0;
7;23;19;26;18;29;12;0;0;1;4;2;15;1;0;
24;19;3;3;3;3;16;0;1;0;1;8;1;1;15;4;0;3;27;0;2;0;11;0;28;2;3;3;2;
0;15;20;0;0;0;27;0;2;0;
7;19;0;0;4;0;0;0;3;1;
3;3;3;3;3;3;3;3;0;6;24;14;0;25;20;0;3;17;0;10;2;3;2;1;28;1;1;0;8;2;0;
1;1;1;2;3;3;25;2;7;14;1;3;16;2;0;3;0;3;0;0;3;24;
21;0;0;4;8;0;27;0;1;3;2;3;11;0;1;3;3;0;3;18;29;24;3;1;13;0;1;0;1;0;0;3;0;0;1;
1;1;1;3;4;15;2;0;24;0;29;2;10;2;17;3;0;3;7;1;1;20;0;0;1;3;27;0;0;0;0;
17;23;0;30;1;1;0;5;3;0;21;12;2;2;0;27;1;2;3;9;2;14;0;1;1;3;0;3;2;3;0;0;1;
22;30;0;0;12;0;0;26;1;2;
0;2;9;16;1;0;30;0;0;2;0;2;3;23;1;5;0;1;3;0;1;1;1;2;20;2;11;15;3;3;26;0;0;2;
2;3;3;3;3;2;22;2;1;17;0;2;4;0;7;29;21;0;0;0;
1;1;1;1;1;2;3;3;0;26;3;23;16;3;29;0;2;0;0;0;8;0;
8;0;0;0;0;2;17;3;3;
7;0;4;24;15;3;30;3;0;0;1;26;11;17;0;0;0;21;3;3;0;
1;1;2;2;2;0;1;26;14;3;1;0;29;1;3;1;0;0;7;0;3;
0;18;3;2;15;2;0;3;22;3;
0;7;0;0;23;27;20;13;0;0;16;0;0;3;10;0;0;1;28;0;0;5;0;0;0;0;3;1;2;0;0;0;3;2;2;0;0;0;3;
1;1;2;2;2;11;13;19;0;3;29;0;5;3;0;
16;4;10;30;19;23;14;25;9;0;0;0;0;0;3;0;3;0;3;1;0;0;2;2;1;1;2;0;2;0;0;2;3;
13;29;0;10;9;2;17;0;0;0;0;22;19;0;0;3;27;0;5;1;0;1;0;0;0;0;1;3;1;0;3;0;0;0;2;3;0;0;
1;3;3;3;3;3;1;7;21;0;0;3;0;2;1;0;
27;15;1;1;2;2;2;2;2;24;12;0;2;5;3;2;1;17;3;3;0;28;0;0;
0;25;3;3;0;0;21;1;30;4;0;
0;0;0;0;1;0;0;19;1;3;0;9;2;4;2;3;17;0;25;0;15;0;3;29;12;0;0;1;0;
0;1;24;2;2;28;0;1;0;0;2;15;0;0;2;0;
0;0;3;1;1;0;0;3;
29;3;3;3;3;3;3;3;0;0;0;19;0;22;26;
18;1;2;2;4;1;1;2;2;3;22;0;28;13;2;1;1;7;25;19;1;12;2;1;0;3;1;0;0;0;2;0;0;1;
17;1;1;3;3;3;3;4;0;0;9;2;13;2;0;1;2;1;
14;24;3;1;21;27;3;2;3;0;2;0;2;3;0;0;2;3;
0;2;2;26;1;23;0;1;0;14;8;0;18;4;0;1;0;19;30;0;2;10;2;2;0;0;2;0;0;0;0;2;
0;30;23;3;1;0;0;0;1;8;3;14;0;0;1;25;0;0;20;2;3;3;0;5;18;1;0;2;0;2;0;1;
2;2;2;2;2;2;2;3;23;0;3;18;0;0;20;
0;26;0;0;0;0;0;20;14;28;0;2;3;2;5;24;0;
3;3;3;3;3;3;3;3;0;6;22;0;2;11;14;1;30;0;2;16;26;2;2;20;0;0;3;0;
9;11;2;0;26;0;24;5;0;17;0;1;2;20;3;0;30;13;0;3;2;3;3;2;0;0;2;0;1;1;0;0;0;
0;0;0;1;2;27;19;0;
26;0;1;18;2;0;3;0;1;29;3;
10;3;1;2;4;0;3;0;18;0;0;0;1;25;23;8;
0;15;1;2;3;3;3;3;0;2;25;0;8;2;
0;0;0;1;1;3;3;3;3;4;15;20;3;2;0;16;1;0;0;2;12;2;0;2;28;0;
1;1;2;2;2;0;29;8;23;0;6;0;1;2;0;15;0;3;0;0;0;2;2;0;0;0;0;26;2;3;0;0;3;11;19;1;17;3;0;0;
2;2;2;29;0;19;0;2;0;6;26;2;7;3;2;0;23;10;3;1;17;15;1;1;0;2;0;0;
3;3;24;2;2;3;0;0;0;0;19;28;3;0;15;10;1;4;7;16;0;0;27;3;3;0;0;0;1;0;
1;1;3;3;3;19;1;1;1;0;3;29;3;5;1;1;23;0;25;0;3;0;0;2;
0;0;1;1;1;1;3;3;3;3;10;0;0;0;1;0;0;3;
18;1;1;1;1;2;2;3;2;3;15;0;0;2;3;0;
0;1;1;1;1;2;2;3;4;13;25;1;0;0;3;3;0;0;3;9;23;
0;1;2;0;0;0;0;26;2;
8;0;3;0;11;1;3;0;2;3;
0;1;0;24;21;6;0;28;1;
6;11;0;0;0;0;0;0;0;2;2;0;7;0;24;0;29;3;26;2;1;14;0;0;3;0;19;1;18;0;0;3;0;1;3;0;2;0;0;0;
0;25;7;17;23;2;19;1;28;3;0;0;10;1;3;0;15;0;5;3;0;3;3;0;0;0;0;0;0;2;0;1;0;1;
19;28;14;0;2;2;8;23;0;3;2;2;0;0;1;0;0;3;3;5;10;1;2;1;0;2;0;17;26;0;2;0;0;
9;0;18;27;28;0;13;12;3;1;0;1;23;21;3;2;3;6;2;3;0;3;1;1;0;2;0;0;2;3;0;
14;1;21;30;12;0;0;8;26;23;17;2;4;
1;1;1;1;2;0;23;0;2;17;10;3;1;3;29;0;0;13;0;0;0;27;0;20;
0;6;0;3;8;30;0;10;0;
1;2;2;3;3;3;3;3;14;0;3;0;0;
26;24;20;18;0;0;0;3;9;1;1;3;15;0;0;2;28;4;11;0;0;0;3;1;0;0;0;2;1;0;0;3;0;0;
25;3;0;18;0;7;3;19;3;0;10;
1;1;1;3;3;19;14;0;0;29;6;0;0;23;
10;23;21;17;3;5;0;14;2;28;0;25;1;0;0;2;2;8;0;0;3;0;0;
23;1;1;3;3;3;3;1;16;3;0;2;0;2;0;0;3;
2;17;28;1;2;3;3;3;3;27;0;1;0;3;5;0;2;0;0;
19;24;0;0;29;0;0;2;0;0;5;18;2;0;0;15;3;10;8;3;0;3;27;3;1;0;2;0;0;
1;2;3;4;0;0;0;8;15;3;0;
11;0;0;26;0;2;0;2;19;
13;0;1;2;2;2;3;3;3;4;7;1;3;2;2;28;2;0;3;0;
3;29;4;0;3;13;0;0;1;0;11;3;3;26;1;0;0;8;0;0;2;2;3;24;17;1;3;3;19;2;1;0;2;1;1;
1;1;3;3;3;4;3;0;2;7;18;13;12;25;0;1;0;20;1;24;1;30;2;0;0;0;0;0;
30;5;15;0;2;25;1;2;3;0;3;10;0;2;22;19;0;1;8;18;0;2;2;2;3;3;1;1;0;0;0;
1;1;2;0;3;23;19;1;0;0;2;1;0;14;2;0;0;0;28;0;2;3;2;0;25;10;
0;6;3;26;2;0;2;1;1;0;0;0;2;2;8;15;0;3;12;0;3;30;
14;2;0;1;2;0;2;30;12;2;0;18;8;0;2;1;2;0;20;1;27;22;0;5;3;3;3;1;0;0;3;
0;2;2;2;3;3;3;3;3;0;3;20;24;0;0;1;0;
2;3;18;25;7;24;2;13;1;30;12;19;3;0;0;4;1;2;
1;1;1;2;2;4;12;0;0;25;24;0;17;0;2;13;0;3;28;8;21;0;3;2;0;0;0;3;0;2;0;3;2;
2;2;3;3;0;13;23;0;
0;0;2;0;1;0;0;30;
0;15;30;22;4;1;17;27;19;0;7;3;1;0;1;0;1;0;11;3;3;3;0;3;0;3;3;0;1;0;1;0;1;0;
13;11;0;1;2;28;16;8;0;19;23;2;3;6;2;1;26;2;2;1;0;1;0;3;2;0;3;0;3;0;
1;1;1;1;1;2;3;3;1;2;3;4;1;1;11;0;0;0;0;1;
17;3;0;28;0;3;3;0;3;0;2;
24;0;0;0;16;0;3;1;30;21;9;0;3;0;13;0;3;0;3;0;25;5;3;12;0;0;3;2;3;0;0;1;1;2;2;
1;1;1;23;28;21;2;1;9;0;18;13;2;0;6;25;2;10;1;2;0;1;3;1;2;0;0;0;0;0;0;2;0;1;3;0;3;0;
2;3;3;3;0;3;0;27;2;3;0;0;
0;7;2;2;3;3;3;0;2;13;0;1;0;2;
7;1;1;2;2;2;2;3;3;0;26;10;3;0;0;0;
2;2;3;3;3;3;3;3;16;0;2;2;0;28;19;3;0;0;1;0;0;0;
4;0;0;27;0;18;24;1;1;8;28;14;2;10;20;0;3;0;0;1;0;0;0;0;0;0;2;1;0;3;
0;30;0;19;0;15;2;27;0;18;22;3;8;5;11;0;3;0;0;3;1;1;2;1;3;2;3;2;0;0;0;3;
1;2;2;2;2;2;3;0;0;13;1;0;12;3;1;0;3;0;1;1;27;1;19;0;0;0;
0;0;12;3;2;28;1;0;0;0;2;16;0;21;9;1;0;1;3;1;0;4;13;22;26;1;1;0;3;2;0;0;1;0;0;0;0;0;
1;2;2;2;13;26;23;0;1;2;2;0;0;2;2;3;11;29;5;1;0;9;20;16;0;2;0;0;0;0;0;2;3;3;1;0;1;
13;0;1;1;1;1;2;3;3;23;0;2;17;3;0;0;
1;1;1;1;1;2;2;0;0;23;0;0;2;0;0;14;2;26;0;3;7;5;3;3;0;0;0;
1;1;2;9;30;12;19;0;3;0;1;15;0;0;16;22;2;0;1;6;26;0;2;1;1;1;0;3;0;1;1;0;1;0;0;
20;23;1;1;3;13;9;0;2;29;3;3;3;4;0;0;0;2;3;16;0;
17;1;7;1;11;3;29;13;3;1;5;3;1;0;25;0;22;20;0;0;
2;2;2;2;3;4;22;0;18;0;0;1;
1;2;2;2;2;0;14;27;18;7;12;2;0;0;6;23;2;2;2;3;0;3;2;3;0;29;19;1;0;0;3;2;0;1;
2;2;2;2;2;4;2;2;2;3;3;3;2;26;7;1;11;30;1;0;0;1;3;0;2;
0;0;0;0;1;18;30;3;0;19;2;1;8;11;25;24;3;0;0;2;0;0;13;5;2;0;1;1;2;3;2;1;1;0;0;2;0;0;1;1;
2;2;2;2;3;3;3;0;6;19;14;2;24;0;30;2;7;1;0;1;0;1;3;25;2;0;3;
1;1;2;3;4;3;21;2;0;2;0;3;1;15;2;0;25;0;29;3;22;0;11;16;9;0;0;0;
0;1;10;0;2;22;3;8;19;3;15;17;26;0;0;29;3;6;2;2;0;0;0;0;0;
30;0;0;1;1;1;1;2;2;3;0;3;0;0;
0;3;23;0;18;26;0;0;21;0;0;29;0;0;0;0;2;0;3;0;2;2;7;14;3;6;1;2;0;10;0;0;2;
30;1;0;15;1;7;1;6;10;3;0;21;3;0;0;16;23;1;2;3;0;2;2;0;3;27;1;1;3;2;2;0;3;1;0;0;0;
27;23;2;2;21;6;15;1;1;29;0;7;0;11;17;0;0;0;1;0;1;0;2;0;3;3;1;1;0;0;0;2;1;
0;12;2;3;3;22;0;21;28;18;6;27;0;8;2;3;0;3;0;1;3;15;1;0;2;1;0;0;1;0;0;0;0;
2;2;2;3;3;3;3;3;0;0;1;24;
4;0;3;2;1;30;24;3;13;1;0;0;0;3;2;0;1;0;3;27;1;0;18;1;7;
11;0;1;9;28;0;2;1;0;1;6;3;0;20;17;27;23;0;0;14;1;0;3;3;0;0;1;0;3;0;
2;2;3;3;1;3;24;18;3;0;0;3;7;
19;0;0;1;26;0;3;0;3;3;5;12;29;7;2;1;16;3;15;23;2;3;0;0;3;0;0;
29;22;3;0;0;2;0;3;0;10;1;3;0;0;16;0;5;13;2;3;19;9;26;0;1;0;0;0;0;
1;2;2;3;3;4;14;17;0;1;1;3;3;11;24;20;0;0;0;0;0;29;3;
2;3;3;3;3;9;3;21;15;25;4;0;2;1;0;17;10;
2;3;3;3;3;4;3;0;1;27;3;2;2;0;0;0;0;0;
0;11;3;19;0;3;2;27;1;0;4;
30;2;2;0;0;3;2;5;
30;1;1;2;2;2;3;16;3;2;1;13;0;0;0;3;0;2;24;
0;24;3;3;1;0;9;0;3;0;1;27;30;0;0;2;3;0;0;21;
22;26;16;10;0;1;0;2;3;0;2;1;0;2;3;0;0;3;0;0;9;0;2;
2;2;3;3;3;3;0;19;3;2;25;8;0;28;6;0;13;0;22;0;0;0;3;1;0;2;2;0;0;1;3;
1;2;2;3;4;2;2;2;2;3;3;3;2;0;0;
28;27;0;12;2;8;14;22;2;2;1;0;3;3;16;0;1;19;0;1;0;0;3;1;0;4;2;1;0;1;1;
17;0;1;1;2;23;1;1;0;2;0;28;3;4;20;0;27;14;3;
0;3;29;2;1;2;27;0;20;3;0;2;11;2;23;16;1;8;2;15;0;0;6;1;0;3;2;0;2;1;
19;0;11;1;3;3;1;0;2;29;0;2;0;5;1;0;23;26;0;0;0;1;
1;2;3;2;2;10;6;0;0;3;18;2;0;0;30;13;
14;5;10;1;16;0;1;7;1;30;20;0;1;26;3;0;22;0;3;3;2;0;2;0;3;0;1;
0;3;3;0;1;25;2;2;12;0;0;2;28;17;
0;0;0;27;1;1;1;1;2;2;3;3;10;1;0;0;0;3;3;4;30;1;0;21;24;3;17;13;7;0;0;0;3;
0;1;22;10;25;0;3;1;2;2;3;0;0;0;2;0;
13;1;2;3;3;3;3;3;0;1;24;2;2;0;
15;0;10;5;0;3;29;3;0;22;3;18;1;2;0;26;2;2;0;3;21;7;1;0;2;1;0;0;2;
1;2;2;2;3;3;3;17;8;13;2;0;0;2;
10;1;1;1;3;3;0;17;0;1;0;3;14;3;0;7;1;0;25;0;28;0;4;0;0;0;0;24;0;3;
0;19;8;0;1;15;1;1;10;28;
24;1;11;0;0;0;0;17;0;0;1;3;3;28;1;0;3;0;26;14;6;0;2;3;20;0;9;1;2;0;2;0;2;
0;10;1;0;3;22;26;13;1;3;1;30;0;3;17;1;0;5;20;7;0;0;0;0;2;2;1;3;1;
0;2;3;0;6;1;1;9;2;
1;1;1;1;1;3;3;0;0;22;1;20;0;4;3;7;1;3;0;2;0;18;15;0;2;30;12;0;1;
27;1;2;17;0;1;3;10;3;0;6;23;8;2;13;21;0;29;0;0;
1;2;2;2;2;2;2;3;25;10;0;5;8;3;1;0;15;30;0;2;23;
0;0;0;16;2;21;3;3;
1;3;3;3;3;3;3;29;23;3;9;18;0;19;3;0;0;0;5;
2;2;2;2;2;2;3;3;1;29;0;24;9;
5;18;7;0;1;0;14;1;28;2;20;1;10;0;24;25;3;2;1;0;2;3;1;0;3;0;2;0;0;0;0;2;0;2;3;
2;3;3;3;3;3;24;29;0;26;13;0;0;0;
11;14;0;1;0;6;24;3;2;2;25;16;2;1;1;0;0;0;2;9;0;0;1;28;0;20;0;0;1;1;2;0;0;2;0;0;1;1;
21;1;3;4;1;9;2;3;13;2;1;0;0;1;0;0;
0;2;1;0;22;0;3;2;3;26;3;5;0;2;0;0;0;0;0;28;15;1;1;1;0;10;0;0;2;2;2;0;0;2;
0;0;0;7;3;1;0;0;
1;9;0;25;0;2;0;3;18;0;0;
3;3;3;3;3;3;24;3;10;14;1;0;0;2;2;3;0;0;2;16;
7;1;1;1;1;1;1;1;3;0;1;0;3;0;0;5;1;22;0;0;11;3;3;0;26;19;1;1;0;17;14;30;0;1;0;
14;1;1;2;2;2;3;17;0;3;0;27;3;1;2;2;3;3;0;0;0;
0;0;3;2;0;19;3;0;
29;25;1;18;23;0;3;20;15;1;1;0;0;0;3;3;0;3;2;1;0;0;2;
12;0;3;0;0;27;20;17;0;0;3;1;3;5;15;0;23;3;1;0;0;2;1;1;0;29;
0;0;29;17;1;1;2;3;3;3;20;23;0;2;0;1;3;0;11;1;0;
7;0;27;3;28;10;0;24;3;4;3;16;2;14;1;19;3;2;1;0;0;0;0;3;0;
20;0;0;3;0;25;2;3;2;
0;12;0;3;0;3;26;0;3;4;29;0;2;2;22;1;3;0;8;0;3;13;0;0;1;17;0;3;20;3;0;0;3;0;
1;1;1;2;3;3;0;0;25;2;28;0;2;0;1;11;0;13;22;2;0;0;9;3;2;1;20;6;16;0;0;0;3;0;0;0;
2;4;0;1;2;2;2;2;2;3;3;3;2;0;10;
24;18;15;12;0;29;8;0;4;19;26;3;1;0;0;0;2;3;3;0;0;0;3;0;2;
2;0;1;2;3;3;3;3;3;4;19;16;0;2;3;1;1;23;27;0;0;0;10;
13;0;24;8;1;1;2;0;0;0;21;0;30;
0;26;2;2;30;1;0;0;22;0;16;6;12;3;0;3;2;9;0;20;15;0;0;1;3;0;0;2;0;
1;1;1;1;1;2;4;0;2;0;27;0;1;15;16;1;29;21;9;3;24;2;0;3;11;2;0;3;0;2;3;
0;2;2;3;3;3;23;0;3;2;26;0;3;8;0;0;0;5;13;10;2;18;1;3;0;0;0;
1;1;1;1;1;2;3;0;14;30;0;26;2;6;2;3;10;0;1;19;3;22;1;17;0;1;1;1;
29;0;10;5;0;3;1;0;16;3;2;21;0;0;0;25;2;15;2;0;22;9;0;3;3;3;0;2;2;0;1;0;0;0;0;2;3;2;0;0;
0;15;0;0;0;0;5;0;17;7;3;22;0;0;3;10;0;29;0;1;1;0;25;20;3;0;2;2;0;0;0;0;0;
21;2;7;3;25;3;0;11;30;17;1;1;1;4;13;23;0;0;2;0;0;3;0;2;1;0;0;1;0;1;
0;26;1;6;0;0;1;21;0;0;2;0;3;1;3;13;3;9;11;1;0;3;0;23;0;1;29;18;1;0;2;2;2;0;0;
0;7;0;3;3;0;23;2;0;0;0;16;3;0;2;
0;0;0;0;5;2;0;0;
0;4;2;2;19;2;0;0;9;0;3;15;16;1;24;0;1;29;26;3;10;3;0;1;0;0;0;0;2;
8;0;29;23;12;1;3;0;1;3;3;0;0;6;3;26;1;13;
23;2;3;3;3;0;0;0;0;0;20;
6;18;2;12;0;0;0;3;1;24;28;1;0;21;8;2;0;14;0;0;25;3;0;3;3;0;0;0;2;
10;3;15;3;3;3;3;0;17;0;3;25;1;9;1;5;28;23;20;3;2;2;0;2;0;0;2;0;
0;0;1;0;22;0;20;0;4;0;27;2;17;0;0;2;1;11;0;1;28;0;3;7;0;0;0;13;3;3;0;3;0;2;0;0;1;0;
1;1;1;2;2;2;3;3;4;0;16;0;1;0;24;2;14;0;0;0;12;0;
4;15;10;30;22;27;0;0;0;7;19;0;3;0;0;0;16;3;1;2;2;0;3;1;0;0;0;0;0;0;2;0;
9;17;20;0;2;3;0;3;6;23;0;0;
0;1;3;22;1;3;2;2;15;11;2;25;3;0;2;0;3;0;6;1;
0;18;2;1;0;0;0;2;25;1;
0;0;0;22;4;0;0;1;
1;1;1;1;1;3;3;3;0;29;2;0;1;0;2;0;5;
1;1;2;2;3;3;3;21;2;0;16;6;0;
2;2;2;2;2;3;11;1;1;0;1;25;0;0;28;
19;9;0;0;3;0;0;2;0;0;2;2;0;0;23;15;1;6;27;0;29;0;1;2;16;3;0;0;3;3;0;10;2;
0;0;12;0;4;0;23;3;19;1;0;15;28;1;0;0;8;0;0;16;3;1;25;0;0;0;1;2;1;3;0;
11;1;2;3;16;0;3;28;20;25;23;7;14;0;0;0;0;0;0;0;
0;0;30;0;2;3;15;0;
0;0;0;21;0;26;2;23;
0;1;0;21;16;0;1;0;13;0;3;3;0;12;9;30;0;0;5;
0;0;0;2;1;30;14;0;3;0;10;0;0;0;0;1;22;16;
1;1;1;1;1;3;4;0;0;3;27;13;19;8;29;
0;0;24;3;1;3;8;0;
27;3;2;0;0;30;1;1;12;3;4;3;1;0;0;2;2;0;2;
0;1;1;2;2;2;3;20;0;10;3;18;24;1;1;0;2;3;14;6;1;1;3;0;28;27;1;2;2;3;0;7;0;1;0;
1;2;2;3;3;3;3;5;0;2;0;2;
1;1;2;2;2;11;23;2;1;3;3;7;2;0;0;26;
1;2;2;2;2;2;3;28;13;0;3;0;6;2;0;1;3;3;0;9;0;
13;0;0;24;0;7;0;10;2;
13;0;2;1;3;5;3;10;0;16;19;27;0;0;1;1;29;0;0;1;0;0;0;7;2;2;24;3;2;0;0;0;3;
2;2;3;16;10;1;25;3;1;0;5;0;3;29;1;
0;20;24;25;2;0;0;3;0;17;6;0;2;14;11;7;3;28;3;0;0;3;0;1;0;0;0;0;2;
10;13;0;6;0;24;21;0;3;29;26;8;0;18;2;1;1;0;0;1;0;0;0;0;0;0;0;2;3;1;0;0;1;3;
21;1;1;1;3;3;3;3;3;0;1;0;1;23;0;0;0;0;
17;2;2;2;2;3;3;3;3;1;2;2;2;3;19;0;0;
6;0;0;11;3;24;0;1;1;
0;11;0;22;2;2;3;3;16;3;5;27;8;21;15;2;0;30;2;2;3;0;1;2;0;2;3;0;0;0;
1;1;1;3;4;24;13;0;9;1;0;3;2;0;30;26;12;0;20;16;0;3;2;0;0;3;0;0;0;0;
19;0;9;2;1;2;0;1;0;23;0;0;11;6;3;2;25;2;2;14;0;0;18;28;3;0;3;3;1;3;1;0;1;3;0;0;2;
0;1;16;13;19;2;26;2;0;3;1;28;3;12;1;1;3;23;0;1;3;2;
0;0;1;2;1;0;0;0;
1;1;1;1;1;1;3;3;28;2;7;2;3;3;2;2;3;21;27;2;0;15;18;22;0;1;0;
24;19;0;0;0;0;14;27;9;6;
22;0;30;2;20;3;3;27;0;1;7;0;1;0;
27;2;3;28;10;23;19;1;0;3;5;18;1;13;1;0;0;1;3;7;1;0;0;1;0;2;2;2;0;2;3;
2;3;3;3;3;3;3;3;3;0;29;1;14;0;0;0;25;3;0;
0;22;0;29;17;1;13;27;0;2;8;6;20;12;0;0;0;0;0;0;0;1;0;0;1;0;2;0;0;3;3;2;1;3;0;2;3;0;
11;7;14;0;23;0;29;0;19;3;2;0;4;0;0;0;25;16;1;1;2;1;0;0;0;0;0;0;0;0;3;0;0;0;0;
1;2;3;0;0;0;0;0;26;0;
0;2;14;2;0;23;9;1;3;0;0;6;2;2;0;0;2;0;0;1;0;20;3;0;30;3;
1;1;1;1;1;14;0;0;1;30;1;0;22;0;8;2;0;3;6;12;0;0;20;3;0;1;25;0;0;16;0;0;0;2;0;3;0;3;0;0;
0;0;12;3;0;3;28;0;1;0;0;26;0;4;3;15;
4;0;7;0;2;3;0;3;1;0;17;1;3;1;29;12;15;20;26;3;1;23;0;1;0;0;0;0;0;0;
19;29;1;0;12;0;0;0;2;14;23;0;27;2;2;9;18;3;6;1;1;0;0;0;0;0;
23;8;3;14;0;0;1;26;0;18;0;19;28;11;2;0;5;1;1;0;0;0;3;0;2;2;0;0;0;1;
30;1;1;2;2;2;2;2;17;2;3;11;5;14;25;2;2;9;1;22;19;0;0;2;3;2;2;0;3;0;0;0;
18;1;1;2;3;12;19;0;3;3;23;0;3;3;6;0;2;28;25;8;2;13;0;3;3;1;1;3;0;3;0;3;
0;23;11;2;0;0;3;0;0;16;
10;0;8;1;0;0;16;21;1;23;27;
3;3;0;0;14;25;24;16;0;0;28;0;1;0;3;3;0;0;0;3;1;1;19;0;0;0;0;0;3;12;5;0;0;2;
27;9;3;0;0;1;3;0;20;30;3;0;12;3;3;2;0;16;
2;28;6;0;1;0;0;21;12;17;0;3;2;0;3;0;0;14;3;0;2;26;3;0;22;0;1;2;0;0;0;7;
0;2;1;0;19;0;8;11;17;
22;29;0;3;2;2;0;0;21;1;
0;3;1;14;0;0;0;18;2;1;0;
11;0;21;16;24;1;0;9;25;2;3;1;1;2;0;0;6;0;0;14;0;0;0;29;0;3;0;0;
0;0;0;1;13;3;2;0;
0;13;1;29;3;21;16;10;4;2;2;1;3;7;0;2;1;0;
7;1;1;1;1;2;2;3;3;0;2;0;23;27;15;16;0;0;2;0;19;6;
0;1;0;19;3;4;12;24;2;25;8;1;3;3;0;2;0;0;3;0;3;15;28;0;0;2;0;
1;1;2;2;3;0;1;1;1;2;3;3;0;3;0;0;0;0;
30;2;2;4;23;0;12;1;0;0;2;3;1;0;0;2;1;0;
17;20;7;0;13;3;0;0;3;22;0;0;11;
21;2;26;3;29;0;0;3;12;4;1;0;8;0;3;3;1;0;24;2;0;0;0;0;0;17;
26;0;8;3;11;3;2;20;0;4;15;1;28;1;0;0;3;2;24;17;1;3;1;1;2;3;0;0;0;0;0;
1;1;1;2;2;2;3;3;0;1;2;2;2;3;3;3;3;0;22;0;
0;0;3;2;15;0;3;16;2;5;1;0;0;0;22;0;
9;13;1;3;3;3;1;0;1;12;3;0;0;18;0;29;6;21;
0;28;2;2;2;3;3;3;2;0;1;22;2;11;1;0;1;0;0;5;
5;0;1;2;30;0;2;2;21;13;0;
0;0;3;0;1;27;0;3;6;24;0;8;17;0;29;20;2;10;2;3;0;0;3;1;2;2;1;14;3;2;2;2;0;0;
0;14;1;1;1;2;2;2;2;4;0;22;0;2;0;16;1;0;1;2;0;0;3;0;0;27;12;2;19;28;0;3;8;0;3;0;0;
26;2;6;20;3;0;14;2;22;1;7;28;2;0;3;2;0;2;3;1;10;17;0;0;2;
19;0;12;8;24;0;1;25;0;6;1;3;28;3;2;0;3;15;3;1;0;3;2;18;2;0;0;1;1;
11;0;0;26;1;9;0;1;22;4;0;14;29;16;19;2;2;1;2;1;0;2;0;0;3;2;1;0;0;1;0;3;2;0;0;0;2;
0;1;3;0;9;3;0;0;29;2;
7;0;0;27;5;1;3;3;0;
1;1;2;3;3;3;3;0;0;0;0;0;2;
30;2;2;2;2;2;2;3;3;2;2;2;3;3;3;3;0;0;
5;11;26;29;7;3;23;19;2;0;1;0;17;2;0;15;1;2;3;2;0;3;0;0;3;0;0;0;
0;0;0;1;7;3;22;3;
13;1;21;9;28;0;1;1;3;22;1;1;16;1;2;1;12;0;0;0;3;0;0;2;1;27;0;0;6;0;
8;13;0;2;22;0;11;0;4;2;1;
0;2;2;3;3;14;4;2;1;0;30;3;2;
2;2;2;3;0;7;0;21;0;1;30;17;0;11;0;0;
4;0;0;0;29;24;7;0;25;16;14;19;3;1;0;3;11;0;3;3;1;0;2;0;1;0;0;1;2;1;0;3;0;0;
0;22;1;2;3;3;4;13;0;3;2;1;3;3;2;0;3;17;0;0;3;2;0;9;12;
13;0;0;29;0;21;1;3;0;0;22;12;3;0;1;5;25;1;2;16;7;0;1;2;1;0;1;3;0;0;0;1;0;
3;3;3;3;4;3;19;9;0;30;26;0;13;1;0;0;0;18;23;0;3;
11;3;24;3;20;1;26;16;0;8;0;6;1;15;0;2;3;1;1;3;28;2;3;0;0;1;0;2;
0;2;22;26;2;5;1;2;7;16;0;1;3;0;1;29;1;3;12;15;21;2;3;1;0;3;3;0;0;0;
23;2;5;27;0;8;0;12;0;1;18;0;14;2;2;0;0;0;0;
1;1;1;1;1;2;0;0;0;2;29;19;1;9;0;22;3;12;1;14;2;0;6;0;0;2;0;3;0;27;3;0;3;0;
18;7;0;0;14;4;0;30;0;26;11;0;19;0;0;0;22;1;1;0;0;2;0;3;0;3;3;0;0;3;0;2;0;0;0;0;
2;23;27;29;1;8;5;15;0;3;0;18;0;1;10;2;19;0;3;2;2;2;0;2;1;0;3;0;1;2;1;0;0;
1;1;3;3;0;3;0;30;17;13;0;
1;1;2;2;21;17;27;30;2;22;2;0;0;0;14;5;1;2;8;0;1;2;0;0;12;
0;2;2;3;3;3;3;3;3;13;3;0;3;10;1;
1;1;1;3;3;3;15;0;0;0;0;27;21;0;7;
0;0;22;0;0;1;8;1;
1;1;3;3;3;4;2;2;3;0;0;0;2;
30;3;21;2;26;0;3;17;0;14;0;1;0;9;1;3;1;11;
0;27;0;2;0;3;3;14;3;
1;1;2;3;3;3;3;0;19;2;0;3;3;2;
0;26;9;0;0;3;20;2;2;0;
25;0;20;24;0;0;0;7;1;0;14;16;30;3;3;2;1;4;1;10;2;1;1;1;1;3;0;0;2;0;3;3;3;0;0;1;3;
0;0;0;1;6;0;0;25;
0;10;5;25;0;14;3;19;28;2;3;
15;1;0;1;3;17;3;12;5;2;29;0;3;21;23;1;0;3;7;0;0;27;1;0;0;
0;20;3;24;0;2;17;1;3;27;0;9;1;3;0;15;2;0;0;12;2;2;
1;1;1;2;3;3;4;0;0;0;17;0;11;3;1;2;28;
30;0;16;14;10;3;0;0;1;26;6;21;9;0;23;3;2;3;3;1;1;0;0;2;2;1;2;0;0;0;
1;1;1;2;2;3;3;22;13;2;1;2;0;9;3;29;0;3;20;25;2;1;0;0;1;
0;0;3;26;20;15;0;16;
1;3;3;3;3;0;2;1;0;0;18;0;
0;0;0;16;5;1;0;0;
28;5;0;1;2;15;1;2;10;0;0;2;3;
0;0;0;3;30;0;25;0;1;2;3;0;14;2;2;0;3;23;0;18;5;1;0;20;7;0;2;12;0;1;0;0;0;3;0;0;0;
6;3;0;26;0;9;0;1;0;0;16;
1;1;1;2;3;3;3;3;2;18;3;28;0;0;4;19;
22;1;1;3;3;3;3;27;0;0;6;1;21;0;1;
0;0;0;27;1;15;28;3;
13;2;8;1;0;6;1;0;0;3;11;1;21;28;0;0;27;3;0;22;2;0;1;2;18;3;1;0;3;2;0;1;2;
27;23;18;3;0;0;12;0;3;1;2;0;0;2;0;0;6;9;13;19;3;28;0;0;2;1;1;0;2;3;0;0;0;1;
1;1;1;2;3;3;3;3;0;2;30;13;1;6;7;2;24;0;2;1;17;
2;2;2;2;3;11;19;2;0;24;1;0;27;0;
0;26;13;3;0;3;2;24;18;6;12;3;2;9;1;19;0;2;0;29;2;0;0;0;0;1;0;1;3;0;2;3;3;3;0;0;1;
0;20;0;28;3;16;27;7;0;0;0;0;6;2;2;11;15;0;24;0;1;0;2;2;0;0;0;1;2;1;0;3;0;3;3;0;0;0;
0;10;0;1;2;15;0;2;0;
12;20;1;0;26;2;22;3;29;1;9;4;3;17;3;0;0;3;2;2;0;0;0;15;0;
2;2;0;19;2;3;0;18;2;0;
23;0;0;0;3;0;3;0;4;
0;1;3;28;0;1;0;0;9;27;3;13;0;0;3;3;18;23;1;6;0;10;0;0;0;2;0;0;3;2;0;0;
0;1;1;2;4;1;1;2;2;2;2;2;0;0;0;30;
21;0;1;2;2;2;3;4;11;3;0;29;2;3;0;14;2;27;2;23;7;3;0;1;2;16;2;0;0;
0;0;0;1;5;11;0;0;
1;1;1;2;2;2;3;0;1;5;25;3;3;0;22;0;2;28;16;0;3;3;0;20;2;
22;30;9;0;1;0;0;3;0;2;1;0;17;0;1;20;1;12;0;13;2;5;0;27;1;0;0;0;0;0;0;0;3;1;
22;29;2;2;3;26;2;4;17;2;3;8;3;2;20;0;14;10;0;0;0;3;2;0;1;0;2;3;0;0;0;
0;1;1;1;2;3;3;25;14;1;0;1;10;24;0;2;2;0;2;0;0;
1;1;1;1;2;3;3;0;0;0;16;5;11;3;
1;2;2;2;7;3;0;0;3;3;17;2;0;0;1;0;3;4;
2;3;3;3;3;3;16;0;3;0;0;7;3;0;30;23;5;0;0;2;13;0;2;25;0;19;2;10;0;3;0;0;0;0;3;
0;11;1;0;0;29;5;27;1;0;
9;22;2;3;0;3;20;0;25;16;4;14;1;0;12;0;0;2;2;28;1;0;0;3;1;0;0;0;2;2;0;1;0;
1;1;2;3;3;5;23;21;26;7;0;0;2;3;17;1;14;0;10;3;3;0;0;3;3;
23;1;3;3;3;3;3;3;2;0;0;7;2;25;0;
0;30;0;0;22;2;0;1;0;0;0;13;16;0;19;0;10;7;27;1;5;2;3;3;2;0;0;0;1;0;3;3;0;0;3;0;3;
1;1;3;3;3;3;1;0;11;2;30;0;14;3;
0;0;1;1;1;2;2;2;3;3;2;25;0;22;2;
10;2;2;3;3;3;3;3;3;19;26;29;6;3;0;0;0;7;0;
0;1;1;2;3;3;3;3;18;0;3;0;0;26;7;0;1;
15;3;3;3;0;0;3;3;19;1;0;2;7;27;17;3;22;0;0;2;30;0;2;0;0;0;4;
0;0;27;0;3;21;17;0;6;0;2;8;22;0;1;28;0;11;2;0;1;2;3;0;0;15;3;3;0;1;0;0;0;3;
1;1;1;3;3;3;3;4;14;0;0;3;7;10;0;3;2;2;28;2;
0;0;27;20;1;5;0;0;
28;0;0;3;3;1;26;16;19;0;0;13;3;2;1;6;3;2;1;0;7;10;0;0;23;3;
25;0;1;15;1;18;2;3;0;2;19;0;0;11;7;0;2;29;22;6;2;0;3;1;1;2;1;2;0;1;0;
1;1;1;2;2;0;10;27;3;0;0;1;0;0;3;1;1;0;0;21;0;3;22;1;14;0;0;0;0;2;
4;19;23;0;3;25;15;1;0;8;0;10;3;18;3;2;30;1;0;0;0;3;0;2;0;2;0;0;0;2;0;
8;3;30;14;0;0;1;0;25;23;19;1;0;3;2;1;0;2;10;0;1;0;0;
23;15;12;5;1;18;1;7;2;2;2;29;0;0;0;0;25;0;0;3;2;21;2;3;3;0;0;0;0;3;
3;3;3;3;1;2;3;1;0;10;22;2;0;0;2;13;
3;5;13;1;24;20;30;0;0;0;0;0;0;2;0;
21;2;15;0;0;2;16;0;3;2;29;1;0;1;1;2;22;9;1;10;5;1;0;0;3;2;2;27;3;3;1;0;0;3;
0;0;0;1;23;28;0;0;16;0;0;9;2;1;1;1;0;2;11;0;14;20;0;2;4;2;25;0;3;3;2;2;2;3;2;0;0;2;
2;28;1;1;2;2;2;2;2;1;2;0;0;14;1;1;0;0;0;
1;1;2;2;3;3;3;24;18;2;4;7;2;20;15;0;25;30;0;3;3;
22;2;2;2;2;3;3;3;0;1;0;3;3;21;0;10;0;28;15;2;18;7;6;0;25;3;0;1;0;0;0;3;
0;0;24;0;1;5;20;1;
2;2;2;3;3;0;0;27;0;2;3;0;1;1;
12;3;2;0;1;3;0;29;25;0;19;0;2;23;0;0;0;0;16;3;0;0;2;8;2;0;15;5;3;3;0;1;0;2;0;2;0;
29;5;0;1;2;2;2;3;3;3;3;16;22;3;0;3;1;25;1;1;21;11;13;2;0;7;0;
0;2;1;2;2;0;0;0;3;
0;11;0;0;0;2;0;5;15;
13;0;0;0;3;3;3;8;0;
23;1;18;0;1;1;1;0;3;0;1;1;2;11;3;0;27;19;3;0;3;2;1;0;0;
0;24;3;27;5;30;11;3;3;0;1;3;20;3;3;3;
21;3;12;27;24;0;9;18;1;0;29;0;0;2;5;0;2;0;0;14;3;2;0;2;3;3;0;2;3;3;0;0;1;
7;29;0;2;22;0;1;0;2;3;0;0;0;19;11;18;1;1;0;3;0;14;0;6;0;2;
0;1;3;4;30;2;16;25;0;3;2;11;23;7;0;0;3;1;15;2;0;0;20;0;2;0;1;1;
0;12;5;0;2;3;23;1;1;0;
1;1;3;0;2;20;4;16;7;1;1;25;10;0;3;30;24;0;13;
0;16;26;0;2;14;3;3;12;29;21;2;0;0;9;0;1;0;3;1;23;6;0;0;3;2;0;0;0;0;0;
1;1;2;2;2;16;0;1;3;6;0;19;1;0;14;2;0;0;3;0;30;0;1;12;
1;1;1;1;2;2;0;0;0;17;0;0;1;21;2;
26;1;1;1;2;3;3;3;1;2;1;0;2;3;12;16;8;0;1;0;2;0;2;1;0;24;5;
8;3;2;1;11;17;6;30;1;3;13;0;0;26;24;21;2;0;3;0;1;0;3;2;0;2;0;0;
28;0;0;5;3;3;2;0;1;
2;2;2;2;4;1;1;1;1;2;2;3;7;0;28;2;3;26;0;20;24;3;13;0;2;3;11;16;0;2;
11;25;3;19;1;16;9;28;13;3;0;22;0;4;0;2;2;0;0;0;0;3;0;0;3;0;2;3;0;0;0;0;
4;24;1;16;2;10;1;1;7;0;1;0;29;26;2;21;0;13;0;0;0;0;3;0;3;
1;1;2;3;3;3;7;13;0;3;2;0;0;1;12;
11;9;3;0;0;27;24;18;0;15;0;3;0;2;3;20;0;0;3;0;5;30;
23;0;0;0;3;1;2;0;0;11;15;16;3;30;0;8;0;2;0;27;2;20;2;5;1;1;0;3;1;1;0;2;1;
2;2;2;2;2;2;0;3;3;3;3;3;12;1;0;0;3;9;22;2;0;13;
30;0;11;0;1;1;3;0;22;3;1;3;0;2;2;26;0;1;14;
23;1;1;2;2;2;2;3;4;13;26;3;3;0;0;3;
0;2;3;3;3;3;3;28;2;3;1;2;0;1;3;20;1;10;3;26;0;0;7;3;
1;2;3;3;3;29;7;20;0;2;0;0;26;11;0;6;2;0;0;0;0;16;23;14;1;1;0;1;1;0;3;2;2;3;0;3;3;0;0;0;
11;22;3;18;3;3;3;25;29;7;3;0;0;1;15;3;6;3;0;19;1;3;0;0;0;0;2;0;2;
0;5;1;0;0;3;2;18;3;25;2;1;3;0;0;28;3;12;22;1;3;19;1;1;9;1;14;0;3;1;0;0;2;1;
26;1;2;2;3;4;13;22;19;0;3;3;28;10;0;2;1;3;8;16;3;3;0;2;3;0;
0;20;0;0;0;16;9;15;0;
21;26;0;0;9;30;0;1;0;0;14;2;2;3;3;2;10;18;1;3;6;0;1;0;24;
0;20;1;7;1;18;0;0;0;28;0;14;3;10;6;3;0;2;2;24;0;2;1;0;0;0;3;3;0;3;1;0;25;0;0;0;0;
0;21;0;2;3;22;14;30;0;18;9;26;2;1;3;12;1;2;4;0;2;0;0;0;
0;25;9;2;1;24;3;3;0;5;12;17;0;1;28;3;3;2;1;0;13;0;19;0;3;
0;0;2;0;1;1;15;0;
2;2;2;3;19;0;12;23;1;0;15;2;0;3;7;0;30;0;2;0;26;0;3;3;0;17;4;0;2;0;2;0;1;
2;0;29;1;1;2;2;2;3;3;27;11;3;2;1;6;1;1;1;3;13;0;0;1;
30;1;0;0;0;0;2;0;0;10;3;3;15;8;19;2;4;3;26;16;24;0;0;2;0;0;1;0;
20;3;0;0;2;6;1;28;22;13;0;1;1;0;8;3;2;25;0;17;0;12;3;0;0;1;0;3;3;0;0;0;0;1;
14;24;16;3;3;0;12;1;3;2;2;2;0;0;27;1;
1;2;2;2;2;2;3;3;0;1;1;0;30;2;20;26;3;0;0;0;7;10;0;24;2;0;0;
18;1;3;23;1;19;0;3;0;0;0;2;0;0;3;2;
2;2;2;3;3;3;3;4;1;1;1;1;2;2;0;20;1;0;0;1;
22;0;2;2;0;0;0;29;
1;1;3;3;2;27;17;0;3;24;1;0;0;1;6;30;7;3;2;19;0;0;14;3;
13;26;0;0;0;0;3;3;3;2;2;7;3;3;3;0;0;18;0;
1;1;1;1;3;0;28;3;0;3;10;14;26;2;3;0;1;0;3;8;3;
18;0;23;30;9;0;10;2;3;3;0;6;
27;21;1;1;2;2;3;3;0;3;0;2;1;0;0;0;1;0;
0;1;1;1;1;29;10;0;2;0;0;5;9;1;15;3;22;1;0;17;2;21;3;26;3;0;0;3;0;0;3;0;2;
0;2;2;0;3;2;15;
1;1;3;3;3;3;3;4;1;3;0;0;0;3;2;21;2;
0;5;0;0;14;2;0;2;0;0;1;3;29;3;
2;2;3;3;3;4;25;22;2;0;0;3;0;18;2;0;1;1;1;10;13;2;3;0;30;2;
15;30;1;2;2;2;2;3;23;7;17;1;10;0;25;0;21;0;5;3;2;0;1;0;2;2;0;0;0;
4;27;0;2;3;3;3;3;3;3;3;0;0;3;16;1;0;
1;1;1;2;3;4;1;0;0;2;3;0;0;3;0;0;25;
2;5;2;7;0;3;26;3;0;3;14;1;12;0;1;3;0;23;17;2;0;1;0;0;
0;2;3;3;3;3;3;3;3;1;0;0;3;0;0;2;
15;2;0;1;2;2;2;0;3;5;3;2;1;3;2;3;2;12;3;0;0;
0;1;1;2;3;3;4;12;25;0;0;2;2;3;0;19;3;18;1;3;0;30;0;0;0;3;
26;0;3;30;2;23;7;15;3;0;0;12;2;5;3;21;0;0;3;16;0;0;0;3;1;1;0;3;3;0;2;0;0;2;0;2;
1;1;2;2;2;3;4;0;1;2;3;3;3;3;3;0;2;25;
23;1;2;3;3;1;2;0;28;0;0;
27;0;3;1;0;0;5;12;13;3;2;0;20;2;3;0;0;30;0;
26;0;3;1;12;8;2;13;4;0;30;0;0;0;3;
1;1;1;2;2;3;3;0;0;27;3;3;2;0;3;14;2;3;0;1;0;0;0;20;
29;1;1;1;1;2;2;2;3;17;2;24;0;8;0;1;2;
28;13;0;0;0;3;2;1;0;25;0;0;2;2;16;19;0;1;0;7;5;1;24;3;1;1;11;0;2;3;3;0;1;3;2;0;1;0;
0;2;7;0;3;3;1;19;0;1;30;0;18;13;0;0;1;0;0;1;1;5;3;11;1;26;24;0;3;0;1;1;2;0;1;0;0;
0;1;1;29;0;1;0;2;3;10;2;0;20;1;0;9;0;5;2;18;13;22;26;1;1;2;0;2;0;1;0;3;2;3;1;2;0;0;
0;7;0;0;18;20;2;0;1;28;2;0;3;12;1;3;3;3;0;4;26;0;
0;1;1;1;3;0;22;14;20;3;2;10;3;25;16;4;3;2;0;1;28;9;0;0;0;3;
29;4;1;2;2;3;3;3;3;0;1;2;3;3;0;7;0;0;20;0;0;0;11;
7;27;3;1;0;0;24;0;2;4;2;14;17;0;28;1;12;1;0;2;20;3;
2;2;3;3;3;3;3;0;0;8;0;
22;26;0;17;0;3;0;1;29;2;5;3;12;1;1;3;19;0;13;0;3;3;0;2;1;9;2;0;0;0;2;
8;0;0;0;24;0;2;3;17;
17;0;0;0;0;28;0;0;1;
3;3;3;0;0;3;0;27;0;0;
0;1;1;1;1;2;2;2;3;30;2;3;22;9;26;18;13;0;5;0;12;0;0;1;19;
2;2;2;2;2;3;3;12;0;3;25;0;3;30;1;22;17;0;15;0;2;0;1;2;0;1;
30;1;20;13;22;26;1;2;2;3;0;0;0;3;3;0;2;18;1;0;0;8;2;1;10;0;6;0;
1;2;2;2;2;2;3;2;29;12;0;14;3;1;2;0;3;
0;28;3;0;2;1;2;25;0;1;0;3;0;23;21;0;0;0;14;
30;0;0;0;25;20;0;1;0;0;1;0;13;11;2;24;17;2;4;3;1;0;0;1;1;1;0;8;3;0;3;1;3;3;1;1;0;0;0;3;
7;1;0;3;1;0;1;0;1;1;0;10;1;18;3;6;1;25;1;3;0;3;0;0;0;0;2;30;2;
0;23;21;16;3;7;0;0;3;6;0;3;0;2;14;3;28;10;0;25;0;3;0;0;0;2;1;0;1;2;1;2;2;3;2;3;0;1;2;
1;2;2;3;3;12;1;0;3;2;5;0;1;0;1;23;0;0;0;0;0;
2;3;19;2;2;2;2;3;18;1;1;10;0;3;3;30;3;0;25;6;0;14;22;
0;2;0;16;19;1;3;0;
14;0;0;1;1;0;3;0;17;
0;2;18;20;25;2;10;1;3;1;23;0;0;0;0;3;28;3;0;3;5;0;
2;2;4;0;0;1;25;0;
1;2;3;4;0;0;10;1;0;1;15;0;0;3;3;0;2;0;0;0;3;3;
0;24;0;0;1;11;17;27;5;9;20;29;13;0;1;0;3;3;2;0;2;1;0;0;0;0;1;0;0;0;1;0;2;3;2;0;0;0;0;3;
15;2;3;3;4;30;18;22;26;0;1;2;8;0;1;3;0;2;10;19;1;2;0;0;2;0;0;0;2;2;0;2;
1;1;1;1;3;3;3;4;0;2;0;1;14;1;30;
0;1;0;0;14;22;0;0;2;
0;16;1;3;0;26;15;3;12;6;21;0;23;28;0;0;3;0;0;8;0;0;1;3;0;0;3;0;0;3;0;2;
29;0;2;3;5;18;8;11;2;0;13;3;21;26;22;0;3;0;0;3;3;0;2;3;0;0;0;0;0;
0;0;0;24;0;0;25;11;
0;25;3;3;0;3;18;20;0;2;0;0;23;0;1;3;14;30;2;0;1;0;0;7;0;
12;14;1;2;2;2;4;29;8;1;0;0;0;3;0;0;1;1;16;2;26;19;0;22;0;3;0;2;1;0;0;0;2;
0;1;3;12;9;29;2;0;13;5;2;17;3;
27;2;2;2;4;9;20;3;1;18;0;2;14;0;0;0;22;2;1;3;3;2;29;12;1;2;0;3;3;0;3;2;0;2;
7;1;19;18;26;1;5;3;0;22;11;30;15;1;0;2;1;1;1;2;0;1;0;2;3;3;3;0;0;0;0;
17;0;29;1;2;2;3;3;3;3;3;0;4;0;0;0;14;21;26;0;1;1;3;0;7;12;2;3;1;22;1;3;0;0;0;0;
9;0;19;0;14;23;2;2;11;1;0;0;0;6;3;26;3;1;3;0;30;1;2;0;17;2;2;3;1;0;0;1;0;0;1;2;
2;2;2;2;2;2;3;3;0;2;3;
0;2;23;29;1;0;27;0;2;21;1;0;0;2;10;3;3;18;6;0;3;2;3;0;3;7;
8;12;14;29;2;0;17;1;1;4;23;3;26;20;0;0;0;0;1;3;
0;1;1;1;1;19;18;1;9;14;30;11;0;26;24;0;0;6;1;0;3;2;1;3;3;0;3;1;2;0;0;0;2;
19;2;23;2;1;3;3;18;1;0;3;28;0;1;14;5;3;25;2;2;1;1;8;0;0;1;
26;0;22;0;20;0;0;0;5;2;1;10;29;8;0;2;3;18;1;0;0;1;15;0;3;2;3;0;1;3;3;0;3;3;0;0;2;0;
5;3;7;2;0;24;0;3;3;0;0;13;1;1;28;0;26;2;12;0;0;
0;0;0;23;0;0;0;5;
8;4;19;14;3;3;3;2;3;12;1;0;2;27;3;2;1;0;0;3;3;
0;0;0;21;8;13;0;22;
1;1;2;2;2;0;2;0;0;17;2;
21;5;1;11;2;0;0;7;23;2;1;0;
16;0;1;2;2;2;2;2;2;0;3;0;24;8;1;19;13;12;3;29;2;26;0;5;1;0;2;0;0;2;0;0;
8;1;1;2;2;3;3;3;10;28;2;0;0;2;16;1;0;0;1;
0;0;18;3;0;4;0;0;10;0;28;7;26;1;0;0;1;0;0;3;20;24;15;1;1;0;2;0;3;1;3;2;0;0;0;2;
1;1;1;1;1;1;3;3;26;3;0;8;3;0;1;0;23;3;3;29;0;0;2;1;10;2;0;
0;0;2;20;8;0;28;1;3;10;0;0;14;26;1;1;4;3;1;0;0;24;1;0;2;17;3;0;1;1;0;0;0;0;0;0;
1;1;2;0;0;0;1;11;5;28;2;3;27;16;7;0;15;0;20;24;0;1;0;2;2;0;3;3;0;0;3;
18;25;0;2;14;0;2;3;29;2;0;22;0;5;2;1;3;1;3;21;8;11;2;0;3;2;3;2;0;0;
0;19;3;0;0;28;16;3;11;0;1;1;0;6;0;0;3;13;3;9;24;0;0;0;3;25;0;0;1;
0;1;1;1;3;3;3;3;3;3;3;0;0;0;3;5;1;1;
24;27;1;3;19;0;0;17;15;3;0;7;11;4;29;0;0;3;1;1;0;0;1;1;3;0;0;0;1;3;2;2;
2;2;2;2;3;3;12;0;0;27;1;0;0;0;2;
7;2;3;3;3;29;0;0;1;0;2;25;24;13;1;19;3;0;4;0;3;0;1;
0;14;2;2;2;3;3;4;23;3;3;0;0;1;2;
0;0;2;3;2;26;3;0;
1;1;2;3;3;4;29;0;0;1;12;0;3;1;0;0;13;0;0;0;
